20240117090001,-13.86
20240117091001,-11.9
20240117092001,-10.09
20240117093001,-13.12
20240117094001,-15.14
20240117095001,-15.68
20240117100001,-12.5
20240117101001,-8.18
20240117102001,-7.91
20240117103001,-8.95
20240117104001,-10.95
20240117105001,-14.6
20240117110001,-20.11
20240117111001,-19.67
20240117112001,-19.73
20240117113001,-19.98
20240117114001,-20.08
20240117115001,-20.34
20240117120001,-20.4
20240117121001,-20.63
20240117122001,-20.99
20240117123001,-21.42
20240117124001,-21.71
20240117125001,-21.99
20240117130001,-22.44
20240117131001,-22.78
20240117132001,-23.01
20240117133001,-23.23
20240117134001,-23.28
20240117135001,-23.37
20240117140001,-23.04
20240117141001,-22.82
20240117142001,-22.75
20240117143001,-22.71
20240117144001,-22.51
20240117145001,-22.28
20240117150001,-21.77
20240117151001,-21.68
20240117152001,-21.37
20240117153001,-21.1
20240117154001,-20.95
20240117155001,-20.55
20240117160001,-20.29
20240117161001,-19.9
20240117162001,-19.66
20240117163001,-19.18
20240117164001,-18.82
20240117165001,-18.51
20240119090001,136.55
20240119091001,130.03
20240119092001,127.49
20240119093001,130.62
20240119094001,130.07
20240119095001,130.99
20240119100001,129.87
20240119101001,128.75
20240119102001,116.85
20240119103001,113.43
20240119104001,123.73
20240119105001,190.85
20240119110001,-20.11
20240119111001,-19.67
20240119112001,-19.73
20240119113001,-19.98
20240119114001,-20.08
20240119115001,-20.34
20240119120001,-20.4
20240119121001,-20.63
20240119122001,-20.99
20240119123001,-21.42
20240119124001,-21.71
20240119125001,-21.99
20240119130001,-22.44
20240119131001,-22.78
20240119132001,-23.01
20240119133001,-23.23
20240119134001,-23.28
20240119135001,-23.37
20240119140001,-23.04
20240119141001,-22.82
20240119142001,-22.75
20240119143001,-22.71
20240119144001,-22.51
20240119145001,-22.28
20240119150001,-21.77
20240119151001,-21.68
20240119152001,-21.37
20240119153001,-21.1
20240119154001,-20.95
20240119155001,-20.55
20240119160001,-20.29
20240119161001,-19.9
20240119162001,-19.66
20240119163001,-19.18
20240119164001,-18.82
20240119165001,-18.51
20240224090001,-11.08
20240224091001,-10.11
20240224092001,-9.1
20240224093001,-3.78
20240224094001,2.5
20240224095001,8.77
20240224100001,9.11
20240224101001,10.48
20240224102001,10.88
20240224103001,10.11
20240224104001,5.45
20240224105001,-4.46
20240224110001,-20.11
20240224111001,-19.67
20240224112001,-19.73
20240224113001,-19.98
20240224114001,-20.08
20240224115001,-20.34
20240224120001,-20.4
20240224121001,-20.63
20240224122001,-20.99
20240224123001,-21.42
20240224124001,-21.71
20240224125001,-21.99
20240224130001,-22.44
20240224131001,-22.78
20240224132001,-23.01
20240224133001,-23.23
20240224134001,-23.28
20240224135001,-23.37
20240224140001,-23.04
20240224141001,-22.82
20240224142001,-22.75
20240224143001,-22.71
20240224144001,-22.51
20240224145001,-22.28
20240224150001,-21.77
20240224151001,-21.68
20240224152001,-21.37
20240224153001,-21.1
20240224154001,-20.95
20240224155001,-20.55
20240224160001,-20.29
20240224161001,-19.9
20240224162001,-19.66
20240224163001,-19.18
20240224164001,-18.82
20240224165001,-18.51
20240226090001,-36.95
20240226091001,-37.4
20240226092001,-37.13
20240226093001,-37.0
20240226094001,-37.0
20240226095001,-36.76
20240226100001,-36.6
20240226101001,-34.41
20240226102001,-33.77
20240226103001,-27.44
20240226104001,-21.27
20240226105001,-20.58
20240226110001,-20.11
20240226111001,-19.67
20240226112001,-19.73
20240226113001,-19.98
20240226114001,-20.08
20240226115001,-20.34
20240226120001,-20.4
20240226121001,-20.63
20240226122001,-20.99
20240226123001,-21.42
20240226124001,-21.71
20240226125001,-21.99
20240226130001,-22.44
20240226131001,-22.78
20240226132001,-23.01
20240226133001,-23.23
20240226134001,-23.28
20240226135001,-23.37
20240226140001,-23.04
20240226141001,-22.82
20240226142001,-22.75
20240226143001,-22.71
20240226144001,-22.51
20240226145001,-22.28
20240226150001,-21.77
20240226151001,-21.68
20240226152001,-21.37
20240226153001,-21.1
20240226154001,-20.95
20240226155001,-20.55
20240226160001,-20.29
20240226161001,-19.9
20240226162001,-19.66
20240226163001,-19.18
20240226164001,-18.82
20240226165001,-18.51
20240327090001,41.64
20240327091001,71.81
20240327092001,87.48
20240327093001,107.6
20240327094001,119.42
20240327095001,133.91
20240327100001,125.23
20240327101001,121.5
20240327102001,115.16
20240327103001,101.79
20240327104001,84.84
20240327105001,65.14
20240327110001,-20.11
20240327111001,-19.67
20240327112001,-19.73
20240327113001,-19.98
20240327114001,-20.08
20240327115001,-20.34
20240327120001,-20.4
20240327121001,-20.63
20240327122001,-20.99
20240327123001,-21.42
20240327124001,-21.71
20240327125001,-21.99
20240327130001,-22.44
20240327131001,-22.78
20240327132001,-23.01
20240327133001,-23.23
20240327134001,-23.28
20240327135001,-23.37
20240327140001,-23.04
20240327141001,-22.82
20240327142001,-22.75
20240327143001,-22.71
20240327144001,-22.51
20240327145001,-22.28
20240327150001,-21.77
20240327151001,-21.68
20240327152001,-21.37
20240327153001,-21.1
20240327154001,-20.95
20240327155001,-20.55
20240327160001,-20.29
20240327161001,-19.9
20240327162001,-19.66
20240327163001,-19.18
20240327164001,-18.82
20240327165001,-18.51
20240329090001,-3.02
20240329091001,1.68
20240329092001,6.12
20240329093001,10.41
20240329094001,13.86
20240329095001,15.12
20240329100001,14.19
20240329101001,13.9
20240329102001,11.53
20240329103001,7.91
20240329104001,6.6
20240329105001,9.3
20240329110001,-20.11
20240329111001,-19.67
20240329112001,-19.73
20240329113001,-19.98
20240329114001,-20.08
20240329115001,-20.34
20240329120001,-20.4
20240329121001,-20.63
20240329122001,-20.99
20240329123001,-21.42
20240329124001,-21.71
20240329125001,-21.99
20240329130001,-22.44
20240329131001,-22.78
20240329132001,-23.01
20240329133001,-23.23
20240329134001,-23.28
20240329135001,-23.37
20240329140001,-23.04
20240329141001,-22.82
20240329142001,-22.75
20240329143001,-22.71
20240329144001,-22.51
20240329145001,-22.28
20240329150001,-21.77
20240329151001,-21.68
20240329152001,-21.37
20240329153001,-21.1
20240329154001,-20.95
20240329155001,-20.55
20240329160001,-20.29
20240329161001,-19.9
20240329162001,-19.66
20240329163001,-19.18
20240329164001,-18.82
20240329165001,-18.51
20240428090001,60.3
20240428091001,79.41
20240428092001,87.56
20240428093001,99.76
20240428094001,106.37
20240428095001,123.03
20240428100001,122.87
20240428101001,121.62
20240428102001,124.08
20240428103001,113.74
20240428104001,107.95
20240428105001,94.77
20240428110001,-20.11
20240428111001,-19.67
20240428112001,-19.73
20240428113001,-19.98
20240428114001,-20.08
20240428115001,-20.34
20240428120001,-20.4
20240428121001,-20.63
20240428122001,-20.99
20240428123001,-21.42
20240428124001,-21.71
20240428125001,-21.99
20240428130001,-22.44
20240428131001,-22.78
20240428132001,-23.01
20240428133001,-23.23
20240428134001,-23.28
20240428135001,-23.37
20240428140001,-23.04
20240428141001,-22.82
20240428142001,-22.75
20240428143001,-22.71
20240428144001,-22.51
20240428145001,-22.28
20240428150001,-21.77
20240428151001,-21.68
20240428152001,-21.37
20240428153001,-21.1
20240428154001,-20.95
20240428155001,-20.55
20240428160001,-20.29
20240428161001,-19.9
20240428162001,-19.66
20240428163001,-19.18
20240428164001,-18.82
20240428165001,-18.51
20240430090001,291.47
20240430091001,204.95
20240430092001,379.16
20240430093001,489.79
20240430094001,571.02
20240430095001,601.97
20240430100001,621.92
20240430101001,725.89
20240430102001,788.69
20240430103001,845.23
20240430104001,840.23
20240430105001,831.02
20240430110001,-20.11
20240430111001,-19.67
20240430112001,-19.73
20240430113001,-19.98
20240430114001,-20.08
20240430115001,-20.34
20240430120001,-20.4
20240430121001,-20.63
20240430122001,-20.99
20240430123001,-21.42
20240430124001,-21.71
20240430125001,-21.99
20240430130001,-22.44
20240430131001,-22.78
20240430132001,-23.01
20240430133001,-23.23
20240430134001,-23.28
20240430135001,-23.37
20240430140001,-23.04
20240430141001,-22.82
20240430142001,-22.75
20240430143001,-22.71
20240430144001,-22.51
20240430145001,-22.28
20240430150001,-21.77
20240430151001,-21.68
20240430152001,-21.37
20240430153001,-21.1
20240430154001,-20.95
20240430155001,-20.55
20240430160001,-20.29
20240430161001,-19.9
20240430162001,-19.66
20240430163001,-19.18
20240430164001,-18.82
20240430165001,-18.51
20240515090001,535.82
20240515091001,993.09
20240515092001,1234.47
20240515093001,1175.2
20240515094001,1226.56
20240515095001,1190.92
20240515100001,1148.86
20240515101001,1003.66
20240515102001,1033.34
20240515103001,1068.85
20240515104001,1099.25
20240515105001,1250.86
20240515110001,-20.11
20240515111001,-19.67
20240515112001,-19.73
20240515113001,-19.98
20240515114001,-20.08
20240515115001,-20.34
20240515120001,-20.4
20240515121001,-20.63
20240515122001,-20.99
20240515123001,-21.42
20240515124001,-21.71
20240515125001,-21.99
20240515130001,-22.44
20240515131001,-22.78
20240515132001,-23.01
20240515133001,-23.23
20240515134001,-23.28
20240515135001,-23.37
20240515140001,-23.04
20240515141001,-22.82
20240515142001,-22.75
20240515143001,-22.71
20240515144001,-22.51
20240515145001,-22.28
20240515150001,-21.77
20240515151001,-21.68
20240515152001,-21.37
20240515153001,-21.1
20240515154001,-20.95
20240515155001,-20.55
20240515160001,-20.29
20240515161001,-19.9
20240515162001,-19.66
20240515163001,-19.18
20240515164001,-18.82
20240515165001,-18.51
20240520090001,354.37
20240520091001,428.21
20240520092001,452.44
20240520093001,523.58
20240520094001,506.08
20240520095001,485.88
20240520100001,486.92
20240520101001,490.62
20240520102001,494.83
20240520103001,577.25
20240520104001,682.0
20240520105001,616.85
20240520110001,-20.11
20240520111001,-19.67
20240520112001,-19.73
20240520113001,-19.98
20240520114001,-20.08
20240520115001,-20.34
20240520120001,-20.4
20240520121001,-20.63
20240520122001,-20.99
20240520123001,-21.42
20240520124001,-21.71
20240520125001,-21.99
20240520130001,-22.44
20240520131001,-22.78
20240520132001,-23.01
20240520133001,-23.23
20240520134001,-23.28
20240520135001,-23.37
20240520140001,-23.04
20240520141001,-22.82
20240520142001,-22.75
20240520143001,-22.71
20240520144001,-22.51
20240520145001,-22.28
20240520150001,-21.77
20240520151001,-21.68
20240520152001,-21.37
20240520153001,-21.1
20240520154001,-20.95
20240520155001,-20.55
20240520160001,-20.29
20240520161001,-19.9
20240520162001,-19.66
20240520163001,-19.18
20240520164001,-18.82
20240520165001,-18.51
20240613090001,40.63
20240613091001,22.12
20240613092001,25.38
20240613093001,28.46
20240613094001,31.16
20240613095001,33.17
20240613100001,39.4
20240613101001,45.49
20240613102001,48.36
20240613103001,52.87
20240613104001,61.75
20240613105001,47.9
20240613110001,-20.11
20240613111001,-19.67
20240613112001,-19.73
20240613113001,-19.98
20240613114001,-20.08
20240613115001,-20.34
20240613120001,-20.4
20240613121001,-20.63
20240613122001,-20.99
20240613123001,-21.42
20240613124001,-21.71
20240613125001,-21.99
20240613130001,-22.44
20240613131001,-22.78
20240613132001,-23.01
20240613133001,-23.23
20240613134001,-23.28
20240613135001,-23.37
20240613140001,-23.04
20240613141001,-22.82
20240613142001,-22.75
20240613143001,-22.71
20240613144001,-22.51
20240613145001,-22.28
20240613150001,-21.77
20240613151001,-21.68
20240613152001,-21.37
20240613153001,-21.1
20240613154001,-20.95
20240613155001,-20.55
20240613160001,-20.29
20240613161001,-19.9
20240613162001,-19.66
20240613163001,-19.18
20240613164001,-18.82
20240613165001,-18.51
20240615090001,674.65
20240615091001,1139.34
20240615092001,1105.3
20240615093001,1010.72
20240615094001,807.3
20240615095001,664.93
20240615100001,516.0
20240615101001,462.52
20240615102001,526.48
20240615103001,668.62
20240615104001,789.93
20240615105001,808.66
20240615110001,-20.11
20240615111001,-19.67
20240615112001,-19.73
20240615113001,-19.98
20240615114001,-20.08
20240615115001,-20.34
20240615120001,-20.4
20240615121001,-20.63
20240615122001,-20.99
20240615123001,-21.42
20240615124001,-21.71
20240615125001,-21.99
20240615130001,-22.44
20240615131001,-22.78
20240615132001,-23.01
20240615133001,-23.23
20240615134001,-23.28
20240615135001,-23.37
20240615140001,-23.04
20240615141001,-22.82
20240615142001,-22.75
20240615143001,-22.71
20240615144001,-22.51
20240615145001,-22.28
20240615150001,-21.77
20240615151001,-21.68
20240615152001,-21.37
20240615153001,-21.1
20240615154001,-20.95
20240615155001,-20.55
20240615160001,-20.29
20240615161001,-19.9
20240615162001,-19.66
20240615163001,-19.18
20240615164001,-18.82
20240615165001,-18.51
20240703090001,252.69
20240703091001,767.95
20240703092001,870.4
20240703093001,1091.76
20240703094001,1032.51
20240703095001,1019.51
20240703100001,976.45
20240703101001,962.89
20240703102001,952.24
20240703103001,860.88
20240703104001,694.99
20240703105001,825.1
20240703110001,-20.11
20240703111001,-19.67
20240703112001,-19.73
20240703113001,-19.98
20240703114001,-20.08
20240703115001,-20.34
20240703120001,-20.4
20240703121001,-20.63
20240703122001,-20.99
20240703123001,-21.42
20240703124001,-21.71
20240703125001,-21.99
20240703130001,-22.44
20240703131001,-22.78
20240703132001,-23.01
20240703133001,-23.23
20240703134001,-23.28
20240703135001,-23.37
20240703140001,-23.04
20240703141001,-22.82
20240703142001,-22.75
20240703143001,-22.71
20240703144001,-22.51
20240703145001,-22.28
20240703150001,-21.77
20240703151001,-21.68
20240703152001,-21.37
20240703153001,-21.1
20240703154001,-20.95
20240703155001,-20.55
20240703160001,-20.29
20240703161001,-19.9
20240703162001,-19.66
20240703163001,-19.18
20240703164001,-18.82
20240703165001,-18.51
20240707090001,456.98
20240707091001,1240.86
20240707092001,1243.82
20240707093001,1228.68
20240707094001,1191.08
20240707095001,909.51
20240707100001,945.91
20240707101001,952.36
20240707102001,980.87
20240707103001,954.58
20240707104001,952.64
20240707105001,1006.56
20240707110001,-20.11
20240707111001,-19.67
20240707112001,-19.73
20240707113001,-19.98
20240707114001,-20.08
20240707115001,-20.34
20240707120001,-20.4
20240707121001,-20.63
20240707122001,-20.99
20240707123001,-21.42
20240707124001,-21.71
20240707125001,-21.99
20240707130001,-22.44
20240707131001,-22.78
20240707132001,-23.01
20240707133001,-23.23
20240707134001,-23.28
20240707135001,-23.37
20240707140001,-23.04
20240707141001,-22.82
20240707142001,-22.75
20240707143001,-22.71
20240707144001,-22.51
20240707145001,-22.28
20240707150001,-21.77
20240707151001,-21.68
20240707152001,-21.37
20240707153001,-21.1
20240707154001,-20.95
20240707155001,-20.55
20240707160001,-20.29
20240707161001,-19.9
20240707162001,-19.66
20240707163001,-19.18
20240707164001,-18.82
20240707165001,-18.51
20240125090002,-22.54
20240125091002,-18.13
20240125092002,-13.55
20240125093002,-13.48
20240125094002,-16.7
20240125095002,-15.2
20240125100002,-20.61
20240125101002,-21.15
20240125102002,-20.59
20240125103002,-19.87
20240125104002,-19.22
20240125105002,-20.32
20240125110002,-20.11
20240125111002,-19.67
20240125112002,-19.73
20240125113002,-19.98
20240125114002,-20.08
20240125115002,-20.34
20240125120002,-20.4
20240125121002,-20.63
20240125122002,-20.99
20240125123002,-21.42
20240125124002,-21.71
20240125125002,-21.99
20240125130002,-22.44
20240125131002,-22.78
20240125132002,-23.01
20240125133002,-23.23
20240125134002,-23.28
20240125135002,-23.37
20240125140002,-23.04
20240125141002,-22.82
20240125142002,-22.75
20240125143002,-22.71
20240125144002,-22.51
20240125145002,-22.28
20240125150002,-21.77
20240125151002,-21.68
20240125152002,-21.37
20240125153002,-21.1
20240125154002,-20.95
20240125155002,-20.55
20240125160002,-20.29
20240125161002,-19.9
20240125162002,-19.66
20240125163002,-19.18
20240125164002,-18.82
20240125165002,-18.51
20240128090002,-36.74
20240128091002,-36.75
20240128092002,-36.77
20240128093002,-37.53
20240128094002,-37.14
20240128095002,-37.68
20240128100002,-38.23
20240128101002,-36.1
20240128102002,-38.67
20240128103002,-41.52
20240128104002,-41.2
20240128105002,-41.61
20240128110002,-20.11
20240128111002,-19.67
20240128112002,-19.73
20240128113002,-19.98
20240128114002,-20.08
20240128115002,-20.34
20240128120002,-20.4
20240128121002,-20.63
20240128122002,-20.99
20240128123002,-21.42
20240128124002,-21.71
20240128125002,-21.99
20240128130002,-22.44
20240128131002,-22.78
20240128132002,-23.01
20240128133002,-23.23
20240128134002,-23.28
20240128135002,-23.37
20240128140002,-23.04
20240128141002,-22.82
20240128142002,-22.75
20240128143002,-22.71
20240128144002,-22.51
20240128145002,-22.28
20240128150002,-21.77
20240128151002,-21.68
20240128152002,-21.37
20240128153002,-21.1
20240128154002,-20.95
20240128155002,-20.55
20240128160002,-20.29
20240128161002,-19.9
20240128162002,-19.66
20240128163002,-19.18
20240128164002,-18.82
20240128165002,-18.51
20240213090002,130.96
20240213091002,154.03
20240213092002,170.26
20240213093002,206.68
20240213094002,243.46
20240213095002,372.5
20240213100002,670.57
20240213101002,803.9
20240213102002,846.22
20240213103002,786.86
20240213104002,705.28
20240213105002,710.32
20240213110002,-20.11
20240213111002,-19.67
20240213112002,-19.73
20240213113002,-19.98
20240213114002,-20.08
20240213115002,-20.34
20240213120002,-20.4
20240213121002,-20.63
20240213122002,-20.99
20240213123002,-21.42
20240213124002,-21.71
20240213125002,-21.99
20240213130002,-22.44
20240213131002,-22.78
20240213132002,-23.01
20240213133002,-23.23
20240213134002,-23.28
20240213135002,-23.37
20240213140002,-23.04
20240213141002,-22.82
20240213142002,-22.75
20240213143002,-22.71
20240213144002,-22.51
20240213145002,-22.28
20240213150002,-21.77
20240213151002,-21.68
20240213152002,-21.37
20240213153002,-21.1
20240213154002,-20.95
20240213155002,-20.55
20240213160002,-20.29
20240213161002,-19.9
20240213162002,-19.66
20240213163002,-19.18
20240213164002,-18.82
20240213165002,-18.51
20240226090002,-24.25
20240226091002,-25.7
20240226092002,-26.01
20240226093002,-25.88
20240226094002,-25.37
20240226095002,-24.04
20240226100002,-22.9
20240226101002,-16.73
20240226102002,-17.28
20240226103002,-15.32
20240226104002,-15.86
20240226105002,-20.49
20240226110002,-20.11
20240226111002,-19.67
20240226112002,-19.73
20240226113002,-19.98
20240226114002,-20.08
20240226115002,-20.34
20240226120002,-20.4
20240226121002,-20.63
20240226122002,-20.99
20240226123002,-21.42
20240226124002,-21.71
20240226125002,-21.99
20240226130002,-22.44
20240226131002,-22.78
20240226132002,-23.01
20240226133002,-23.23
20240226134002,-23.28
20240226135002,-23.37
20240226140002,-23.04
20240226141002,-22.82
20240226142002,-22.75
20240226143002,-22.71
20240226144002,-22.51
20240226145002,-22.28
20240226150002,-21.77
20240226151002,-21.68
20240226152002,-21.37
20240226153002,-21.1
20240226154002,-20.95
20240226155002,-20.55
20240226160002,-20.29
20240226161002,-19.9
20240226162002,-19.66
20240226163002,-19.18
20240226164002,-18.82
20240226165002,-18.51
20240319090002,-28.75
20240319091002,-27.03
20240319092002,-25.66
20240319093002,-24.59
20240319094002,-23.42
20240319095002,-22.74
20240319100002,-21.86
20240319101002,-20.97
20240319102002,-28.79
20240319103002,-28.41
20240319104002,-26.35
20240319105002,-24.48
20240319110002,-20.11
20240319111002,-19.67
20240319112002,-19.73
20240319113002,-19.98
20240319114002,-20.08
20240319115002,-20.34
20240319120002,-20.4
20240319121002,-20.63
20240319122002,-20.99
20240319123002,-21.42
20240319124002,-21.71
20240319125002,-21.99
20240319130002,-22.44
20240319131002,-22.78
20240319132002,-23.01
20240319133002,-23.23
20240319134002,-23.28
20240319135002,-23.37
20240319140002,-23.04
20240319141002,-22.82
20240319142002,-22.75
20240319143002,-22.71
20240319144002,-22.51
20240319145002,-22.28
20240319150002,-21.77
20240319151002,-21.68
20240319152002,-21.37
20240319153002,-21.1
20240319154002,-20.95
20240319155002,-20.55
20240319160002,-20.29
20240319161002,-19.9
20240319162002,-19.66
20240319163002,-19.18
20240319164002,-18.82
20240319165002,-18.51
20240427090002,61.83
20240427091002,47.92
20240427092002,47.44
20240427093002,51.14
20240427094002,63.06
20240427095002,59.9
20240427100002,72.02
20240427101002,74.27
20240427102002,73.68
20240427103002,70.83
20240427104002,65.94
20240427105002,59.41
20240427110002,-20.11
20240427111002,-19.67
20240427112002,-19.73
20240427113002,-19.98
20240427114002,-20.08
20240427115002,-20.34
20240427120002,-20.4
20240427121002,-20.63
20240427122002,-20.99
20240427123002,-21.42
20240427124002,-21.71
20240427125002,-21.99
20240427130002,-22.44
20240427131002,-22.78
20240427132002,-23.01
20240427133002,-23.23
20240427134002,-23.28
20240427135002,-23.37
20240427140002,-23.04
20240427141002,-22.82
20240427142002,-22.75
20240427143002,-22.71
20240427144002,-22.51
20240427145002,-22.28
20240427150002,-21.77
20240427151002,-21.68
20240427152002,-21.37
20240427153002,-21.1
20240427154002,-20.95
20240427155002,-20.55
20240427160002,-20.29
20240427161002,-19.9
20240427162002,-19.66
20240427163002,-19.18
20240427164002,-18.82
20240427165002,-18.51
20240508090002,182.6
20240508091002,159.33
20240508092002,183.26
20240508093002,205.83
20240508094002,224.64
20240508095002,234.83
20240508100002,224.96
20240508101002,198.22
20240508102002,194.62
20240508103002,200.98
20240508104002,200.28
20240508105002,170.76
20240508110002,-20.11
20240508111002,-19.67
20240508112002,-19.73
20240508113002,-19.98
20240508114002,-20.08
20240508115002,-20.34
20240508120002,-20.4
20240508121002,-20.63
20240508122002,-20.99
20240508123002,-21.42
20240508124002,-21.71
20240508125002,-21.99
20240508130002,-22.44
20240508131002,-22.78
20240508132002,-23.01
20240508133002,-23.23
20240508134002,-23.28
20240508135002,-23.37
20240508140002,-23.04
20240508141002,-22.82
20240508142002,-22.75
20240508143002,-22.71
20240508144002,-22.51
20240508145002,-22.28
20240508150002,-21.77
20240508151002,-21.68
20240508152002,-21.37
20240508153002,-21.1
20240508154002,-20.95
20240508155002,-20.55
20240508160002,-20.29
20240508161002,-19.9
20240508162002,-19.66
20240508163002,-19.18
20240508164002,-18.82
20240508165002,-18.51
20240705090002,206.59
20240705091002,194.52
20240705092002,311.68
20240705093002,437.26
20240705094002,573.96
20240705095002,660.56
20240705100002,759.07
20240705101002,858.35
20240705102002,825.1
20240705103002,766.34
20240705104002,643.62
20240705105002,575.24
20240705110002,-20.11
20240705111002,-19.67
20240705112002,-19.73
20240705113002,-19.98
20240705114002,-20.08
20240705115002,-20.34
20240705120002,-20.4
20240705121002,-20.63
20240705122002,-20.99
20240705123002,-21.42
20240705124002,-21.71
20240705125002,-21.99
20240705130002,-22.44
20240705131002,-22.78
20240705132002,-23.01
20240705133002,-23.23
20240705134002,-23.28
20240705135002,-23.37
20240705140002,-23.04
20240705141002,-22.82
20240705142002,-22.75
20240705143002,-22.71
20240705144002,-22.51
20240705145002,-22.28
20240705150002,-21.77
20240705151002,-21.68
20240705152002,-21.37
20240705153002,-21.1
20240705154002,-20.95
20240705155002,-20.55
20240705160002,-20.29
20240705161002,-19.9
20240705162002,-19.66
20240705163002,-19.18
20240705164002,-18.82
20240705165002,-18.51
20240707090002,193.68
20240707091002,186.81
20240707092002,344.94
20240707093002,495.82
20240707094002,578.04
20240707095002,708.26
20240707100002,679.77
20240707101002,846.53
20240707102002,827.8
20240707103002,778.97
20240707104002,641.62
20240707105002,557.13
20240707110002,-20.11
20240707111002,-19.67
20240707112002,-19.73
20240707113002,-19.98
20240707114002,-20.08
20240707115002,-20.34
20240707120002,-20.4
20240707121002,-20.63
20240707122002,-20.99
20240707123002,-21.42
20240707124002,-21.71
20240707125002,-21.99
20240707130002,-22.44
20240707131002,-22.78
20240707132002,-23.01
20240707133002,-23.23
20240707134002,-23.28
20240707135002,-23.37
20240707140002,-23.04
20240707141002,-22.82
20240707142002,-22.75
20240707143002,-22.71
20240707144002,-22.51
20240707145002,-22.28
20240707150002,-21.77
20240707151002,-21.68
20240707152002,-21.37
20240707153002,-21.1
20240707154002,-20.95
20240707155002,-20.55
20240707160002,-20.29
20240707161002,-19.9
20240707162002,-19.66
20240707163002,-19.18
20240707164002,-18.82
20240707165002,-18.51
20240317090003,912.51
20240317091003,822.12
20240317092003,892.8
20240317093003,971.27
20240317094003,1115.17
20240317095003,1082.32
20240317100003,1172.8
20240317101003,1193.17
20240317102003,1473.88
20240317103003,1420.67
20240317104003,1508.27
20240317105003,1605.28
20240317110003,-20.11
20240317111003,-19.67
20240317112003,-19.73
20240317113003,-19.98
20240317114003,-20.08
20240317115003,-20.34
20240317120003,-20.4
20240317121003,-20.63
20240317122003,-20.99
20240317123003,-21.42
20240317124003,-21.71
20240317125003,-21.99
20240317130003,-22.44
20240317131003,-22.78
20240317132003,-23.01
20240317133003,-23.23
20240317134003,-23.28
20240317135003,-23.37
20240317140003,-23.04
20240317141003,-22.82
20240317142003,-22.75
20240317143003,-22.71
20240317144003,-22.51
20240317145003,-22.28
20240317150003,-21.77
20240317151003,-21.68
20240317152003,-21.37
20240317153003,-21.1
20240317154003,-20.95
20240317155003,-20.55
20240317160003,-20.29
20240317161003,-19.9
20240317162003,-19.66
20240317163003,-19.18
20240317164003,-18.82
20240317165003,-18.51
20240414090003,639.46
20240414091003,835.76
20240414092003,969.38
20240414093003,918.02
20240414094003,965.41
20240414095003,981.63
20240414100003,954.02
20240414101003,1087.54
20240414102003,1092.65
20240414103003,1098.88
20240414104003,1013.98
20240414105003,1151.5
20240414110003,-20.11
20240414111003,-19.67
20240414112003,-19.73
20240414113003,-19.98
20240414114003,-20.08
20240414115003,-20.34
20240414120003,-20.4
20240414121003,-20.63
20240414122003,-20.99
20240414123003,-21.42
20240414124003,-21.71
20240414125003,-21.99
20240414130003,-22.44
20240414131003,-22.78
20240414132003,-23.01
20240414133003,-23.23
20240414134003,-23.28
20240414135003,-23.37
20240414140003,-23.04
20240414141003,-22.82
20240414142003,-22.75
20240414143003,-22.71
20240414144003,-22.51
20240414145003,-22.28
20240414150003,-21.77
20240414151003,-21.68
20240414152003,-21.37
20240414153003,-21.1
20240414154003,-20.95
20240414155003,-20.55
20240414160003,-20.29
20240414161003,-19.9
20240414162003,-19.66
20240414163003,-19.18
20240414164003,-18.82
20240414165003,-18.51
20240524090003,68.44
20240524091003,81.41
20240524092003,118.95
20240524093003,136.25
20240524094003,146.46
20240524095003,139.45
20240524100003,137.65
20240524101003,141.75
20240524102003,128.31
20240524103003,111.01
20240524104003,87.16
20240524105003,61.61
20240524110003,-20.11
20240524111003,-19.67
20240524112003,-19.73
20240524113003,-19.98
20240524114003,-20.08
20240524115003,-20.34
20240524120003,-20.4
20240524121003,-20.63
20240524122003,-20.99
20240524123003,-21.42
20240524124003,-21.71
20240524125003,-21.99
20240524130003,-22.44
20240524131003,-22.78
20240524132003,-23.01
20240524133003,-23.23
20240524134003,-23.28
20240524135003,-23.37
20240524140003,-23.04
20240524141003,-22.82
20240524142003,-22.75
20240524143003,-22.71
20240524144003,-22.51
20240524145003,-22.28
20240524150003,-21.77
20240524151003,-21.68
20240524152003,-21.37
20240524153003,-21.1
20240524154003,-20.95
20240524155003,-20.55
20240524160003,-20.29
20240524161003,-19.9
20240524162003,-19.66
20240524163003,-19.18
20240524164003,-18.82
20240524165003,-18.51
20240526090003,90.95
20240526091003,109.4
20240526092003,132.95
20240526093003,154.29
20240526094003,155.97
20240526095003,172.89
20240526100003,182.57
20240526101003,167.76
20240526102003,157.08
20240526103003,153.5
20240526104003,122.49
20240526105003,79.48
20240526110003,-20.11
20240526111003,-19.67
20240526112003,-19.73
20240526113003,-19.98
20240526114003,-20.08
20240526115003,-20.34
20240526120003,-20.4
20240526121003,-20.63
20240526122003,-20.99
20240526123003,-21.42
20240526124003,-21.71
20240526125003,-21.99
20240526130003,-22.44
20240526131003,-22.78
20240526132003,-23.01
20240526133003,-23.23
20240526134003,-23.28
20240526135003,-23.37
20240526140003,-23.04
20240526141003,-22.82
20240526142003,-22.75
20240526143003,-22.71
20240526144003,-22.51
20240526145003,-22.28
20240526150003,-21.77
20240526151003,-21.68
20240526152003,-21.37
20240526153003,-21.1
20240526154003,-20.95
20240526155003,-20.55
20240526160003,-20.29
20240526161003,-19.9
20240526162003,-19.66
20240526163003,-19.18
20240526164003,-18.82
20240526165003,-18.51
20240603090003,-2.6
20240603091003,1.54
20240603092003,5.3
20240603093003,9.82
20240603094003,16.05
20240603095003,21.88
20240603100003,21.78
20240603101003,20.16
20240603102003,17.55
20240603103003,13.3
20240603104003,8.17
20240603105003,-1.48
20240603110003,-20.11
20240603111003,-19.67
20240603112003,-19.73
20240603113003,-19.98
20240603114003,-20.08
20240603115003,-20.34
20240603120003,-20.4
20240603121003,-20.63
20240603122003,-20.99
20240603123003,-21.42
20240603124003,-21.71
20240603125003,-21.99
20240603130003,-22.44
20240603131003,-22.78
20240603132003,-23.01
20240603133003,-23.23
20240603134003,-23.28
20240603135003,-23.37
20240603140003,-23.04
20240603141003,-22.82
20240603142003,-22.75
20240603143003,-22.71
20240603144003,-22.51
20240603145003,-22.28
20240603150003,-21.77
20240603151003,-21.68
20240603152003,-21.37
20240603153003,-21.1
20240603154003,-20.95
20240603155003,-20.55
20240603160003,-20.29
20240603161003,-19.9
20240603162003,-19.66
20240603163003,-19.18
20240603164003,-18.82
20240603165003,-18.51
20240620090003,484.17
20240620091003,921.27
20240620092003,958.59
20240620093003,885.39
20240620094003,885.44
20240620095003,818.84
20240620100003,649.49
20240620101003,646.14
20240620102003,921.44
20240620103003,1020.15
20240620104003,1175.0
20240620105003,1199.49
20240620110003,-20.11
20240620111003,-19.67
20240620112003,-19.73
20240620113003,-19.98
20240620114003,-20.08
20240620115003,-20.34
20240620120003,-20.4
20240620121003,-20.63
20240620122003,-20.99
20240620123003,-21.42
20240620124003,-21.71
20240620125003,-21.99
20240620130003,-22.44
20240620131003,-22.78
20240620132003,-23.01
20240620133003,-23.23
20240620134003,-23.28
20240620135003,-23.37
20240620140003,-23.04
20240620141003,-22.82
20240620142003,-22.75
20240620143003,-22.71
20240620144003,-22.51
20240620145003,-22.28
20240620150003,-21.77
20240620151003,-21.68
20240620152003,-21.37
20240620153003,-21.1
20240620154003,-20.95
20240620155003,-20.55
20240620160003,-20.29
20240620161003,-19.9
20240620162003,-19.66
20240620163003,-19.18
20240620164003,-18.82
20240620165003,-18.51
20240420090004,915.91
20240420091004,922.1
20240420092004,1030.5
20240420093004,1165.69
20240420094004,1276.33
20240420095004,1397.63
20240420100004,1332.95
20240420101004,1363.48
20240420102004,1250.49
20240420103004,1320.25
20240420104004,1320.3
20240420105004,1431.41
20240420110004,-20.11
20240420111004,-19.67
20240420112004,-19.73
20240420113004,-19.98
20240420114004,-20.08
20240420115004,-20.34
20240420120004,-20.4
20240420121004,-20.63
20240420122004,-20.99
20240420123004,-21.42
20240420124004,-21.71
20240420125004,-21.99
20240420130004,-22.44
20240420131004,-22.78
20240420132004,-23.01
20240420133004,-23.23
20240420134004,-23.28
20240420135004,-23.37
20240420140004,-23.04
20240420141004,-22.82
20240420142004,-22.75
20240420143004,-22.71
20240420144004,-22.51
20240420145004,-22.28
20240420150004,-21.77
20240420151004,-21.68
20240420152004,-21.37
20240420153004,-21.1
20240420154004,-20.95
20240420155004,-20.55
20240420160004,-20.29
20240420161004,-19.9
20240420162004,-19.66
20240420163004,-19.18
20240420164004,-18.82
20240420165004,-18.51
20240422090004,994.85
20240422091004,882.39
20240422092004,1164.16
20240422093004,1217.53
20240422094004,1217.41
20240422095004,1192.87
20240422100004,1219.27
20240422101004,1187.32
20240422102004,1038.43
20240422103004,1028.41
20240422104004,1015.78
20240422105004,1228.42
20240422110004,-20.11
20240422111004,-19.67
20240422112004,-19.73
20240422113004,-19.98
20240422114004,-20.08
20240422115004,-20.34
20240422120004,-20.4
20240422121004,-20.63
20240422122004,-20.99
20240422123004,-21.42
20240422124004,-21.71
20240422125004,-21.99
20240422130004,-22.44
20240422131004,-22.78
20240422132004,-23.01
20240422133004,-23.23
20240422134004,-23.28
20240422135004,-23.37
20240422140004,-23.04
20240422141004,-22.82
20240422142004,-22.75
20240422143004,-22.71
20240422144004,-22.51
20240422145004,-22.28
20240422150004,-21.77
20240422151004,-21.68
20240422152004,-21.37
20240422153004,-21.1
20240422154004,-20.95
20240422155004,-20.55
20240422160004,-20.29
20240422161004,-19.9
20240422162004,-19.66
20240422163004,-19.18
20240422164004,-18.82
20240422165004,-18.51
20240513090004,49.66
20240513091004,-20.57
20240513092004,-18.45
20240513093004,-16.12
20240513094004,-14.79
20240513095004,-10.75
20240513100004,-7.43
20240513101004,-3.91
20240513102004,-4.84
20240513103004,-0.87
20240513104004,-1.18
20240513105004,-11.81
20240513110004,-20.11
20240513111004,-19.67
20240513112004,-19.73
20240513113004,-19.98
20240513114004,-20.08
20240513115004,-20.34
20240513120004,-20.4
20240513121004,-20.63
20240513122004,-20.99
20240513123004,-21.42
20240513124004,-21.71
20240513125004,-21.99
20240513130004,-22.44
20240513131004,-22.78
20240513132004,-23.01
20240513133004,-23.23
20240513134004,-23.28
20240513135004,-23.37
20240513140004,-23.04
20240513141004,-22.82
20240513142004,-22.75
20240513143004,-22.71
20240513144004,-22.51
20240513145004,-22.28
20240513150004,-21.77
20240513151004,-21.68
20240513152004,-21.37
20240513153004,-21.1
20240513154004,-20.95
20240513155004,-20.55
20240513160004,-20.29
20240513161004,-19.9
20240513162004,-19.66
20240513163004,-19.18
20240513164004,-18.82
20240513165004,-18.51
20240515090004,733.86
20240515091004,1042.37
20240515092004,1250.23
20240515093004,1228.78
20240515094004,1285.73
20240515095004,1233.36
20240515100004,1209.87
20240515101004,1154.25
20240515102004,1176.47
20240515103004,1154.87
20240515104004,1203.65
20240515105004,1241.08
20240515110004,-20.11
20240515111004,-19.67
20240515112004,-19.73
20240515113004,-19.98
20240515114004,-20.08
20240515115004,-20.34
20240515120004,-20.4
20240515121004,-20.63
20240515122004,-20.99
20240515123004,-21.42
20240515124004,-21.71
20240515125004,-21.99
20240515130004,-22.44
20240515131004,-22.78
20240515132004,-23.01
20240515133004,-23.23
20240515134004,-23.28
20240515135004,-23.37
20240515140004,-23.04
20240515141004,-22.82
20240515142004,-22.75
20240515143004,-22.71
20240515144004,-22.51
20240515145004,-22.28
20240515150004,-21.77
20240515151004,-21.68
20240515152004,-21.37
20240515153004,-21.1
20240515154004,-20.95
20240515155004,-20.55
20240515160004,-20.29
20240515161004,-19.9
20240515162004,-19.66
20240515163004,-19.18
20240515164004,-18.82
20240515165004,-18.51
20240629090004,914.47
20240629091004,1256.54
20240629092004,1243.33
20240629093004,1257.65
20240629094004,1208.28
20240629095004,1062.93
20240629100004,1048.55
20240629101004,1021.79
20240629102004,1015.26
20240629103004,1029.03
20240629104004,1044.79
20240629105004,1228.32
20240629110004,-20.11
20240629111004,-19.67
20240629112004,-19.73
20240629113004,-19.98
20240629114004,-20.08
20240629115004,-20.34
20240629120004,-20.4
20240629121004,-20.63
20240629122004,-20.99
20240629123004,-21.42
20240629124004,-21.71
20240629125004,-21.99
20240629130004,-22.44
20240629131004,-22.78
20240629132004,-23.01
20240629133004,-23.23
20240629134004,-23.28
20240629135004,-23.37
20240629140004,-23.04
20240629141004,-22.82
20240629142004,-22.75
20240629143004,-22.71
20240629144004,-22.51
20240629145004,-22.28
20240629150004,-21.77
20240629151004,-21.68
20240629152004,-21.37
20240629153004,-21.1
20240629154004,-20.95
20240629155004,-20.55
20240629160004,-20.29
20240629161004,-19.9
20240629162004,-19.66
20240629163004,-19.18
20240629164004,-18.82
20240629165004,-18.51
20240704090004,637.48
20240704091004,1342.42
20240704092004,1367.85
20240704093004,1292.19
20240704094004,1215.83
20240704095004,1218.18
20240704100004,1046.95
20240704101004,1070.69
20240704102004,1036.54
20240704103004,1051.45
20240704104004,1153.34
20240704105004,1194.48
20240704110004,-20.11
20240704111004,-19.67
20240704112004,-19.73
20240704113004,-19.98
20240704114004,-20.08
20240704115004,-20.34
20240704120004,-20.4
20240704121004,-20.63
20240704122004,-20.99
20240704123004,-21.42
20240704124004,-21.71
20240704125004,-21.99
20240704130004,-22.44
20240704131004,-22.78
20240704132004,-23.01
20240704133004,-23.23
20240704134004,-23.28
20240704135004,-23.37
20240704140004,-23.04
20240704141004,-22.82
20240704142004,-22.75
20240704143004,-22.71
20240704144004,-22.51
20240704145004,-22.28
20240704150004,-21.77
20240704151004,-21.68
20240704152004,-21.37
20240704153004,-21.1
20240704154004,-20.95
20240704155004,-20.55
20240704160004,-20.29
20240704161004,-19.9
20240704162004,-19.66
20240704163004,-19.18
20240704164004,-18.82
20240704165004,-18.51
20240509090005,53.88
20240509091005,51.48
20240509092005,70.46
20240509093005,89.0
20240509094005,108.01
20240509095005,116.7
20240509100005,121.53
20240509101005,128.27
20240509102005,128.88
20240509103005,120.91
20240509104005,121.35
20240509105005,134.62
20240509110005,-20.11
20240509111005,-19.67
20240509112005,-19.73
20240509113005,-19.98
20240509114005,-20.08
20240509115005,-20.34
20240509120005,-20.4
20240509121005,-20.63
20240509122005,-20.99
20240509123005,-21.42
20240509124005,-21.71
20240509125005,-21.99
20240509130005,-22.44
20240509131005,-22.78
20240509132005,-23.01
20240509133005,-23.23
20240509134005,-23.28
20240509135005,-23.37
20240509140005,-23.04
20240509141005,-22.82
20240509142005,-22.75
20240509143005,-22.71
20240509144005,-22.51
20240509145005,-22.28
20240509150005,-21.77
20240509151005,-21.68
20240509152005,-21.37
20240509153005,-21.1
20240509154005,-20.95
20240509155005,-20.55
20240509160005,-20.29
20240509161005,-19.9
20240509162005,-19.66
20240509163005,-19.18
20240509164005,-18.82
20240509165005,-18.51
20240514090005,77.27
20240514091005,31.37
20240514092005,40.72
20240514093005,48.86
20240514094005,65.0
20240514095005,73.85
20240514100005,86.7
20240514101005,99.53
20240514102005,101.67
20240514103005,95.87
20240514104005,120.91
20240514105005,124.87
20240514110005,-20.11
20240514111005,-19.67
20240514112005,-19.73
20240514113005,-19.98
20240514114005,-20.08
20240514115005,-20.34
20240514120005,-20.4
20240514121005,-20.63
20240514122005,-20.99
20240514123005,-21.42
20240514124005,-21.71
20240514125005,-21.99
20240514130005,-22.44
20240514131005,-22.78
20240514132005,-23.01
20240514133005,-23.23
20240514134005,-23.28
20240514135005,-23.37
20240514140005,-23.04
20240514141005,-22.82
20240514142005,-22.75
20240514143005,-22.71
20240514144005,-22.51
20240514145005,-22.28
20240514150005,-21.77
20240514151005,-21.68
20240514152005,-21.37
20240514153005,-21.1
20240514154005,-20.95
20240514155005,-20.55
20240514160005,-20.29
20240514161005,-19.9
20240514162005,-19.66
20240514163005,-19.18
20240514164005,-18.82
20240514165005,-18.51
20240615090005,252.36
20240615091005,101.55
20240615092005,319.18
20240615093005,375.29
20240615094005,199.29
20240615095005,465.41
20240615100005,876.74
20240615101005,969.87
20240615102005,913.47
20240615103005,864.74
20240615104005,674.82
20240615105005,549.46
20240615110005,-20.11
20240615111005,-19.67
20240615112005,-19.73
20240615113005,-19.98
20240615114005,-20.08
20240615115005,-20.34
20240615120005,-20.4
20240615121005,-20.63
20240615122005,-20.99
20240615123005,-21.42
20240615124005,-21.71
20240615125005,-21.99
20240615130005,-22.44
20240615131005,-22.78
20240615132005,-23.01
20240615133005,-23.23
20240615134005,-23.28
20240615135005,-23.37
20240615140005,-23.04
20240615141005,-22.82
20240615142005,-22.75
20240615143005,-22.71
20240615144005,-22.51
20240615145005,-22.28
20240615150005,-21.77
20240615151005,-21.68
20240615152005,-21.37
20240615153005,-21.1
20240615154005,-20.95
20240615155005,-20.55
20240615160005,-20.29
20240615161005,-19.9
20240615162005,-19.66
20240615163005,-19.18
20240615164005,-18.82
20240615165005,-18.51
20240620090005,175.35
20240620091005,70.06
20240620092005,90.26
20240620093005,170.82
20240620094005,208.23
20240620095005,413.98
20240620100005,936.43
20240620101005,1046.28
20240620102005,1062.67
20240620103005,843.89
20240620104005,715.79
20240620105005,491.84
20240620110005,-20.11
20240620111005,-19.67
20240620112005,-19.73
20240620113005,-19.98
20240620114005,-20.08
20240620115005,-20.34
20240620120005,-20.4
20240620121005,-20.63
20240620122005,-20.99
20240620123005,-21.42
20240620124005,-21.71
20240620125005,-21.99
20240620130005,-22.44
20240620131005,-22.78
20240620132005,-23.01
20240620133005,-23.23
20240620134005,-23.28
20240620135005,-23.37
20240620140005,-23.04
20240620141005,-22.82
20240620142005,-22.75
20240620143005,-22.71
20240620144005,-22.51
20240620145005,-22.28
20240620150005,-21.77
20240620151005,-21.68
20240620152005,-21.37
20240620153005,-21.1
20240620154005,-20.95
20240620155005,-20.55
20240620160005,-20.29
20240620161005,-19.9
20240620162005,-19.66
20240620163005,-19.18
20240620164005,-18.82
20240620165005,-18.51
20240706090005,188.71
20240706091005,163.82
20240706092005,397.51
20240706093005,281.92
20240706094005,321.43
20240706095005,949.69
20240706100005,938.61
20240706101005,857.78
20240706102005,866.73
20240706103005,653.31
20240706104005,617.86
20240706105005,386.85
20240706110005,-20.11
20240706111005,-19.67
20240706112005,-19.73
20240706113005,-19.98
20240706114005,-20.08
20240706115005,-20.34
20240706120005,-20.4
20240706121005,-20.63
20240706122005,-20.99
20240706123005,-21.42
20240706124005,-21.71
20240706125005,-21.99
20240706130005,-22.44
20240706131005,-22.78
20240706132005,-23.01
20240706133005,-23.23
20240706134005,-23.28
20240706135005,-23.37
20240706140005,-23.04
20240706141005,-22.82
20240706142005,-22.75
20240706143005,-22.71
20240706144005,-22.51
20240706145005,-22.28
20240706150005,-21.77
20240706151005,-21.68
20240706152005,-21.37
20240706153005,-21.1
20240706154005,-20.95
20240706155005,-20.55
20240706160005,-20.29
20240706161005,-19.9
20240706162005,-19.66
20240706163005,-19.18
20240706164005,-18.82
20240706165005,-18.51
20240708090005,296.4
20240708091005,439.18
20240708092005,1134.74
20240708093005,744.61
20240708094005,641.05
20240708095005,1192.28
20240708100005,1142.09
20240708101005,1020.8
20240708102005,926.35
20240708103005,796.32
20240708104005,561.62
20240708105005,406.45
20240708110005,-20.11
20240708111005,-19.67
20240708112005,-19.73
20240708113005,-19.98
20240708114005,-20.08
20240708115005,-20.34
20240708120005,-20.4
20240708121005,-20.63
20240708122005,-20.99
20240708123005,-21.42
20240708124005,-21.71
20240708125005,-21.99
20240708130005,-22.44
20240708131005,-22.78
20240708132005,-23.01
20240708133005,-23.23
20240708134005,-23.28
20240708135005,-23.37
20240708140005,-23.04
20240708141005,-22.82
20240708142005,-22.75
20240708143005,-22.71
20240708144005,-22.51
20240708145005,-22.28
20240708150005,-21.77
20240708151005,-21.68
20240708152005,-21.37
20240708153005,-21.1
20240708154005,-20.95
20240708155005,-20.55
20240708160005,-20.29
20240708161005,-19.9
20240708162005,-19.66
20240708163005,-19.18
20240708164005,-18.82
20240708165005,-18.51
20240520090006,426.23
20240520091006,407.5
20240520092006,505.28
20240520093006,584.3
20240520094006,586.14
20240520095006,712.63
20240520100006,679.73
20240520101006,784.89
20240520102006,848.67
20240520103006,819.28
20240520104006,688.55
20240520105006,658.8
20240520110006,-20.11
20240520111006,-19.67
20240520112006,-19.73
20240520113006,-19.98
20240520114006,-20.08
20240520115006,-20.34
20240520120006,-20.4
20240520121006,-20.63
20240520122006,-20.99
20240520123006,-21.42
20240520124006,-21.71
20240520125006,-21.99
20240520130006,-22.44
20240520131006,-22.78
20240520132006,-23.01
20240520133006,-23.23
20240520134006,-23.28
20240520135006,-23.37
20240520140006,-23.04
20240520141006,-22.82
20240520142006,-22.75
20240520143006,-22.71
20240520144006,-22.51
20240520145006,-22.28
20240520150006,-21.77
20240520151006,-21.68
20240520152006,-21.37
20240520153006,-21.1
20240520154006,-20.95
20240520155006,-20.55
20240520160006,-20.29
20240520161006,-19.9
20240520162006,-19.66
20240520163006,-19.18
20240520164006,-18.82
20240520165006,-18.51
20240527090006,273.18
20240527091006,277.95
20240527092006,285.14
20240527093006,280.4
20240527094006,195.56
20240527095006,312.05
20240527100006,472.73
20240527101006,990.02
20240527102006,938.19
20240527103006,758.03
20240527104006,630.25
20240527105006,520.7
20240527110006,-20.11
20240527111006,-19.67
20240527112006,-19.73
20240527113006,-19.98
20240527114006,-20.08
20240527115006,-20.34
20240527120006,-20.4
20240527121006,-20.63
20240527122006,-20.99
20240527123006,-21.42
20240527124006,-21.71
20240527125006,-21.99
20240527130006,-22.44
20240527131006,-22.78
20240527132006,-23.01
20240527133006,-23.23
20240527134006,-23.28
20240527135006,-23.37
20240527140006,-23.04
20240527141006,-22.82
20240527142006,-22.75
20240527143006,-22.71
20240527144006,-22.51
20240527145006,-22.28
20240527150006,-21.77
20240527151006,-21.68
20240527152006,-21.37
20240527153006,-21.1
20240527154006,-20.95
20240527155006,-20.55
20240527160006,-20.29
20240527161006,-19.9
20240527162006,-19.66
20240527163006,-19.18
20240527164006,-18.82
20240527165006,-18.51
20240625090006,327.38
20240625091006,832.61
20240625092006,1253.7
20240625093006,1238.48
20240625094006,1226.56
20240625095006,1234.41
20240625100006,1163.47
20240625101006,1026.71
20240625102006,1037.23
20240625103006,1015.1
20240625104006,943.41
20240625105006,934.62
20240625110006,-20.11
20240625111006,-19.67
20240625112006,-19.73
20240625113006,-19.98
20240625114006,-20.08
20240625115006,-20.34
20240625120006,-20.4
20240625121006,-20.63
20240625122006,-20.99
20240625123006,-21.42
20240625124006,-21.71
20240625125006,-21.99
20240625130006,-22.44
20240625131006,-22.78
20240625132006,-23.01
20240625133006,-23.23
20240625134006,-23.28
20240625135006,-23.37
20240625140006,-23.04
20240625141006,-22.82
20240625142006,-22.75
20240625143006,-22.71
20240625144006,-22.51
20240625145006,-22.28
20240625150006,-21.77
20240625151006,-21.68
20240625152006,-21.37
20240625153006,-21.1
20240625154006,-20.95
20240625155006,-20.55
20240625160006,-20.29
20240625161006,-19.9
20240625162006,-19.66
20240625163006,-19.18
20240625164006,-18.82
20240625165006,-18.51
20240629090006,293.27
20240629091006,535.15
20240629092006,837.28
20240629093006,1018.7
20240629094006,1037.52
20240629095006,1210.35
20240629100006,993.29
20240629101006,1005.82
20240629102006,1026.9
20240629103006,1036.82
20240629104006,1007.76
20240629105006,1053.33
20240629110006,-20.11
20240629111006,-19.67
20240629112006,-19.73
20240629113006,-19.98
20240629114006,-20.08
20240629115006,-20.34
20240629120006,-20.4
20240629121006,-20.63
20240629122006,-20.99
20240629123006,-21.42
20240629124006,-21.71
20240629125006,-21.99
20240629130006,-22.44
20240629131006,-22.78
20240629132006,-23.01
20240629133006,-23.23
20240629134006,-23.28
20240629135006,-23.37
20240629140006,-23.04
20240629141006,-22.82
20240629142006,-22.75
20240629143006,-22.71
20240629144006,-22.51
20240629145006,-22.28
20240629150006,-21.77
20240629151006,-21.68
20240629152006,-21.37
20240629153006,-21.1
20240629154006,-20.95
20240629155006,-20.55
20240629160006,-20.29
20240629161006,-19.9
20240629162006,-19.66
20240629163006,-19.18
20240629164006,-18.82
20240629165006,-18.51
20240706090006,398.29
20240706091006,866.89
20240706092006,917.62
20240706093006,1143.46
20240706094006,1186.41
20240706095006,1149.2
20240706100006,1087.12
20240706101006,970.41
20240706102006,1005.51
20240706103006,961.03
20240706104006,956.04
20240706105006,898.79
20240706110006,-20.11
20240706111006,-19.67
20240706112006,-19.73
20240706113006,-19.98
20240706114006,-20.08
20240706115006,-20.34
20240706120006,-20.4
20240706121006,-20.63
20240706122006,-20.99
20240706123006,-21.42
20240706124006,-21.71
20240706125006,-21.99
20240706130006,-22.44
20240706131006,-22.78
20240706132006,-23.01
20240706133006,-23.23
20240706134006,-23.28
20240706135006,-23.37
20240706140006,-23.04
20240706141006,-22.82
20240706142006,-22.75
20240706143006,-22.71
20240706144006,-22.51
20240706145006,-22.28
20240706150006,-21.77
20240706151006,-21.68
20240706152006,-21.37
20240706153006,-21.1
20240706154006,-20.95
20240706155006,-20.55
20240706160006,-20.29
20240706161006,-19.9
20240706162006,-19.66
20240706163006,-19.18
20240706164006,-18.82
20240706165006,-18.51
20240722090006,442.85
20240722091006,1151.77
20240722092006,1161.51
20240722093006,1158.27
20240722094006,1080.26
20240722095006,905.52
20240722100006,899.59
20240722101006,970.42
20240722102006,938.69
20240722103006,951.93
20240722104006,868.67
20240722105006,905.59
20240722110006,-20.11
20240722111006,-19.67
20240722112006,-19.73
20240722113006,-19.98
20240722114006,-20.08
20240722115006,-20.34
20240722120006,-20.4
20240722121006,-20.63
20240722122006,-20.99
20240722123006,-21.42
20240722124006,-21.71
20240722125006,-21.99
20240722130006,-22.44
20240722131006,-22.78
20240722132006,-23.01
20240722133006,-23.23
20240722134006,-23.28
20240722135006,-23.37
20240722140006,-23.04
20240722141006,-22.82
20240722142006,-22.75
20240722143006,-22.71
20240722144006,-22.51
20240722145006,-22.28
20240722150006,-21.77
20240722151006,-21.68
20240722152006,-21.37
20240722153006,-21.1
20240722154006,-20.95
20240722155006,-20.55
20240722160006,-20.29
20240722161006,-19.9
20240722162006,-19.66
20240722163006,-19.18
20240722164006,-18.82
20240722165006,-18.51
20240526090007,100.86
20240526091007,58.3
20240526092007,72.11
20240526093007,83.13
20240526094007,98.47
20240526095007,113.14
20240526100007,120.94
20240526101007,115.17
20240526102007,107.99
20240526103007,107.09
20240526104007,130.06
20240526105007,192.02
20240526110007,-20.11
20240526111007,-19.67
20240526112007,-19.73
20240526113007,-19.98
20240526114007,-20.08
20240526115007,-20.34
20240526120007,-20.4
20240526121007,-20.63
20240526122007,-20.99
20240526123007,-21.42
20240526124007,-21.71
20240526125007,-21.99
20240526130007,-22.44
20240526131007,-22.78
20240526132007,-23.01
20240526133007,-23.23
20240526134007,-23.28
20240526135007,-23.37
20240526140007,-23.04
20240526141007,-22.82
20240526142007,-22.75
20240526143007,-22.71
20240526144007,-22.51
20240526145007,-22.28
20240526150007,-21.77
20240526151007,-21.68
20240526152007,-21.37
20240526153007,-21.1
20240526154007,-20.95
20240526155007,-20.55
20240526160007,-20.29
20240526161007,-19.9
20240526162007,-19.66
20240526163007,-19.18
20240526164007,-18.82
20240526165007,-18.51
20240612090007,811.54
20240612091007,915.02
20240612092007,981.01
20240612093007,995.26
20240612094007,998.16
20240612095007,1096.4
20240612100007,1120.31
20240612101007,1164.65
20240612102007,994.3
20240612103007,1038.69
20240612104007,947.83
20240612105007,1045.64
20240612110007,-20.11
20240612111007,-19.67
20240612112007,-19.73
20240612113007,-19.98
20240612114007,-20.08
20240612115007,-20.34
20240612120007,-20.4
20240612121007,-20.63
20240612122007,-20.99
20240612123007,-21.42
20240612124007,-21.71
20240612125007,-21.99
20240612130007,-22.44
20240612131007,-22.78
20240612132007,-23.01
20240612133007,-23.23
20240612134007,-23.28
20240612135007,-23.37
20240612140007,-23.04
20240612141007,-22.82
20240612142007,-22.75
20240612143007,-22.71
20240612144007,-22.51
20240612145007,-22.28
20240612150007,-21.77
20240612151007,-21.68
20240612152007,-21.37
20240612153007,-21.1
20240612154007,-20.95
20240612155007,-20.55
20240612160007,-20.29
20240612161007,-19.9
20240612162007,-19.66
20240612163007,-19.18
20240612164007,-18.82
20240612165007,-18.51
20240615090007,1208.99
20240615091007,1402.74
20240615092007,1363.19
20240615093007,1235.98
20240615094007,1245.99
20240615095007,1090.79
20240615100007,933.25
20240615101007,904.02
20240615102007,941.88
20240615103007,962.6
20240615104007,963.55
20240615105007,1003.35
20240615110007,-20.11
20240615111007,-19.67
20240615112007,-19.73
20240615113007,-19.98
20240615114007,-20.08
20240615115007,-20.34
20240615120007,-20.4
20240615121007,-20.63
20240615122007,-20.99
20240615123007,-21.42
20240615124007,-21.71
20240615125007,-21.99
20240615130007,-22.44
20240615131007,-22.78
20240615132007,-23.01
20240615133007,-23.23
20240615134007,-23.28
20240615135007,-23.37
20240615140007,-23.04
20240615141007,-22.82
20240615142007,-22.75
20240615143007,-22.71
20240615144007,-22.51
20240615145007,-22.28
20240615150007,-21.77
20240615151007,-21.68
20240615152007,-21.37
20240615153007,-21.1
20240615154007,-20.95
20240615155007,-20.55
20240615160007,-20.29
20240615161007,-19.9
20240615162007,-19.66
20240615163007,-19.18
20240615164007,-18.82
20240615165007,-18.51
20240717090007,686.45
20240717091007,1181.33
20240717092007,1273.51
20240717093007,1244.76
20240717094007,1195.58
20240717095007,1255.38
20240717100007,1093.82
20240717101007,1012.25
20240717102007,1002.09
20240717103007,995.57
20240717104007,1094.7
20240717105007,1218.02
20240717110007,-20.11
20240717111007,-19.67
20240717112007,-19.73
20240717113007,-19.98
20240717114007,-20.08
20240717115007,-20.34
20240717120007,-20.4
20240717121007,-20.63
20240717122007,-20.99
20240717123007,-21.42
20240717124007,-21.71
20240717125007,-21.99
20240717130007,-22.44
20240717131007,-22.78
20240717132007,-23.01
20240717133007,-23.23
20240717134007,-23.28
20240717135007,-23.37
20240717140007,-23.04
20240717141007,-22.82
20240717142007,-22.75
20240717143007,-22.71
20240717144007,-22.51
20240717145007,-22.28
20240717150007,-21.77
20240717151007,-21.68
20240717152007,-21.37
20240717153007,-21.1
20240717154007,-20.95
20240717155007,-20.55
20240717160007,-20.29
20240717161007,-19.9
20240717162007,-19.66
20240717163007,-19.18
20240717164007,-18.82
20240717165007,-18.51
20240124090008,-1.09
20240124091008,-22.17
20240124092008,-20.66
20240124093008,-18.63
20240124094008,-17.61
20240124095008,-17.3
20240124100008,-17.27
20240124101008,-17.34
20240124102008,-17.12
20240124103008,-16.43
20240124104008,-15.26
20240124105008,-12.57
20240124110008,-20.11
20240124111008,-19.67
20240124112008,-19.73
20240124113008,-19.98
20240124114008,-20.08
20240124115008,-20.34
20240124120008,-20.4
20240124121008,-20.63
20240124122008,-20.99
20240124123008,-21.42
20240124124008,-21.71
20240124125008,-21.99
20240124130008,-22.44
20240124131008,-22.78
20240124132008,-23.01
20240124133008,-23.23
20240124134008,-23.28
20240124135008,-23.37
20240124140008,-23.04
20240124141008,-22.82
20240124142008,-22.75
20240124143008,-22.71
20240124144008,-22.51
20240124145008,-22.28
20240124150008,-21.77
20240124151008,-21.68
20240124152008,-21.37
20240124153008,-21.1
20240124154008,-20.95
20240124155008,-20.55
20240124160008,-20.29
20240124161008,-19.9
20240124162008,-19.66
20240124163008,-19.18
20240124164008,-18.82
20240124165008,-18.51
20240128090008,-38.26
20240128091008,-35.73
20240128092008,-34.18
20240128093008,-33.13
20240128094008,-32.64
20240128095008,-32.28
20240128100008,-32.27
20240128101008,-32.28
20240128102008,-32.21
20240128103008,-32.35
20240128104008,-32.57
20240128105008,-34.86
20240128110008,-20.11
20240128111008,-19.67
20240128112008,-19.73
20240128113008,-19.98
20240128114008,-20.08
20240128115008,-20.34
20240128120008,-20.4
20240128121008,-20.63
20240128122008,-20.99
20240128123008,-21.42
20240128124008,-21.71
20240128125008,-21.99
20240128130008,-22.44
20240128131008,-22.78
20240128132008,-23.01
20240128133008,-23.23
20240128134008,-23.28
20240128135008,-23.37
20240128140008,-23.04
20240128141008,-22.82
20240128142008,-22.75
20240128143008,-22.71
20240128144008,-22.51
20240128145008,-22.28
20240128150008,-21.77
20240128151008,-21.68
20240128152008,-21.37
20240128153008,-21.1
20240128154008,-20.95
20240128155008,-20.55
20240128160008,-20.29
20240128161008,-19.9
20240128162008,-19.66
20240128163008,-19.18
20240128164008,-18.82
20240128165008,-18.51
20240204090008,-17.82
20240204091008,-20.29
20240204092008,-18.57
20240204093008,-15.2
20240204094008,-12.26
20240204095008,-9.71
20240204100008,-7.06
20240204101008,-6.05
20240204102008,-3.53
20240204103008,-1.89
20240204104008,0.06
20240204105008,0.32
20240204110008,-20.11
20240204111008,-19.67
20240204112008,-19.73
20240204113008,-19.98
20240204114008,-20.08
20240204115008,-20.34
20240204120008,-20.4
20240204121008,-20.63
20240204122008,-20.99
20240204123008,-21.42
20240204124008,-21.71
20240204125008,-21.99
20240204130008,-22.44
20240204131008,-22.78
20240204132008,-23.01
20240204133008,-23.23
20240204134008,-23.28
20240204135008,-23.37
20240204140008,-23.04
20240204141008,-22.82
20240204142008,-22.75
20240204143008,-22.71
20240204144008,-22.51
20240204145008,-22.28
20240204150008,-21.77
20240204151008,-21.68
20240204152008,-21.37
20240204153008,-21.1
20240204154008,-20.95
20240204155008,-20.55
20240204160008,-20.29
20240204161008,-19.9
20240204162008,-19.66
20240204163008,-19.18
20240204164008,-18.82
20240204165008,-18.51
20240218090008,8.25
20240218091008,-23.66
20240218092008,-18.89
20240218093008,-16.48
20240218094008,-10.93
20240218095008,-4.78
20240218100008,1.99
20240218101008,7.99
20240218102008,12.57
20240218103008,20.23
20240218104008,26.68
20240218105008,30.98
20240218110008,-20.11
20240218111008,-19.67
20240218112008,-19.73
20240218113008,-19.98
20240218114008,-20.08
20240218115008,-20.34
20240218120008,-20.4
20240218121008,-20.63
20240218122008,-20.99
20240218123008,-21.42
20240218124008,-21.71
20240218125008,-21.99
20240218130008,-22.44
20240218131008,-22.78
20240218132008,-23.01
20240218133008,-23.23
20240218134008,-23.28
20240218135008,-23.37
20240218140008,-23.04
20240218141008,-22.82
20240218142008,-22.75
20240218143008,-22.71
20240218144008,-22.51
20240218145008,-22.28
20240218150008,-21.77
20240218151008,-21.68
20240218152008,-21.37
20240218153008,-21.1
20240218154008,-20.95
20240218155008,-20.55
20240218160008,-20.29
20240218161008,-19.9
20240218162008,-19.66
20240218163008,-19.18
20240218164008,-18.82
20240218165008,-18.51
20240305090008,67.96
20240305091008,-16.45
20240305092008,-17.54
20240305093008,-17.73
20240305094008,-17.88
20240305095008,-15.69
20240305100008,-14.49
20240305101008,-10.28
20240305102008,-4.04
20240305103008,1.67
20240305104008,10.55
20240305105008,17.08
20240305110008,-20.11
20240305111008,-19.67
20240305112008,-19.73
20240305113008,-19.98
20240305114008,-20.08
20240305115008,-20.34
20240305120008,-20.4
20240305121008,-20.63
20240305122008,-20.99
20240305123008,-21.42
20240305124008,-21.71
20240305125008,-21.99
20240305130008,-22.44
20240305131008,-22.78
20240305132008,-23.01
20240305133008,-23.23
20240305134008,-23.28
20240305135008,-23.37
20240305140008,-23.04
20240305141008,-22.82
20240305142008,-22.75
20240305143008,-22.71
20240305144008,-22.51
20240305145008,-22.28
20240305150008,-21.77
20240305151008,-21.68
20240305152008,-21.37
20240305153008,-21.1
20240305154008,-20.95
20240305155008,-20.55
20240305160008,-20.29
20240305161008,-19.9
20240305162008,-19.66
20240305163008,-19.18
20240305164008,-18.82
20240305165008,-18.51
20240325090008,-12.47
20240325091008,-28.0
20240325092008,-24.07
20240325093008,-19.92
20240325094008,-16.68
20240325095008,-13.52
20240325100008,-10.49
20240325101008,-7.83
20240325102008,-4.47
20240325103008,-1.35
20240325104008,3.87
20240325105008,7.97
20240325110008,-20.11
20240325111008,-19.67
20240325112008,-19.73
20240325113008,-19.98
20240325114008,-20.08
20240325115008,-20.34
20240325120008,-20.4
20240325121008,-20.63
20240325122008,-20.99
20240325123008,-21.42
20240325124008,-21.71
20240325125008,-21.99
20240325130008,-22.44
20240325131008,-22.78
20240325132008,-23.01
20240325133008,-23.23
20240325134008,-23.28
20240325135008,-23.37
20240325140008,-23.04
20240325141008,-22.82
20240325142008,-22.75
20240325143008,-22.71
20240325144008,-22.51
20240325145008,-22.28
20240325150008,-21.77
20240325151008,-21.68
20240325152008,-21.37
20240325153008,-21.1
20240325154008,-20.95
20240325155008,-20.55
20240325160008,-20.29
20240325161008,-19.9
20240325162008,-19.66
20240325163008,-19.18
20240325164008,-18.82
20240325165008,-18.51
20240518090008,-7.02
20240518091008,2.04
20240518092008,5.0
20240518093008,8.19
20240518094008,9.89
20240518095008,11.02
20240518100008,11.62
20240518101008,11.96
20240518102008,10.56
20240518103008,9.03
20240518104008,4.64
20240518105008,-2.81
20240518110008,-20.11
20240518111008,-19.67
20240518112008,-19.73
20240518113008,-19.98
20240518114008,-20.08
20240518115008,-20.34
20240518120008,-20.4
20240518121008,-20.63
20240518122008,-20.99
20240518123008,-21.42
20240518124008,-21.71
20240518125008,-21.99
20240518130008,-22.44
20240518131008,-22.78
20240518132008,-23.01
20240518133008,-23.23
20240518134008,-23.28
20240518135008,-23.37
20240518140008,-23.04
20240518141008,-22.82
20240518142008,-22.75
20240518143008,-22.71
20240518144008,-22.51
20240518145008,-22.28
20240518150008,-21.77
20240518151008,-21.68
20240518152008,-21.37
20240518153008,-21.1
20240518154008,-20.95
20240518155008,-20.55
20240518160008,-20.29
20240518161008,-19.9
20240518162008,-19.66
20240518163008,-19.18
20240518164008,-18.82
20240518165008,-18.51
20240526090008,10.32
20240526091008,0.3
20240526092008,4.01
20240526093008,8.39
20240526094008,12.17
20240526095008,17.34
20240526100008,18.19
20240526101008,18.66
20240526102008,18.48
20240526103008,15.06
20240526104008,9.75
20240526105008,2.13
20240526110008,-20.11
20240526111008,-19.67
20240526112008,-19.73
20240526113008,-19.98
20240526114008,-20.08
20240526115008,-20.34
20240526120008,-20.4
20240526121008,-20.63
20240526122008,-20.99
20240526123008,-21.42
20240526124008,-21.71
20240526125008,-21.99
20240526130008,-22.44
20240526131008,-22.78
20240526132008,-23.01
20240526133008,-23.23
20240526134008,-23.28
20240526135008,-23.37
20240526140008,-23.04
20240526141008,-22.82
20240526142008,-22.75
20240526143008,-22.71
20240526144008,-22.51
20240526145008,-22.28
20240526150008,-21.77
20240526151008,-21.68
20240526152008,-21.37
20240526153008,-21.1
20240526154008,-20.95
20240526155008,-20.55
20240526160008,-20.29
20240526161008,-19.9
20240526162008,-19.66
20240526163008,-19.18
20240526164008,-18.82
20240526165008,-18.51
20240529090008,-1.31
20240529091008,-6.02
20240529092008,-4.57
20240529093008,-3.96
20240529094008,-2.71
20240529095008,-2.48
20240529100008,-1.88
20240529101008,-0.2
20240529102008,2.22
20240529103008,7.59
20240529104008,11.14
20240529105008,17.52
20240529110008,-20.11
20240529111008,-19.67
20240529112008,-19.73
20240529113008,-19.98
20240529114008,-20.08
20240529115008,-20.34
20240529120008,-20.4
20240529121008,-20.63
20240529122008,-20.99
20240529123008,-21.42
20240529124008,-21.71
20240529125008,-21.99
20240529130008,-22.44
20240529131008,-22.78
20240529132008,-23.01
20240529133008,-23.23
20240529134008,-23.28
20240529135008,-23.37
20240529140008,-23.04
20240529141008,-22.82
20240529142008,-22.75
20240529143008,-22.71
20240529144008,-22.51
20240529145008,-22.28
20240529150008,-21.77
20240529151008,-21.68
20240529152008,-21.37
20240529153008,-21.1
20240529154008,-20.95
20240529155008,-20.55
20240529160008,-20.29
20240529161008,-19.9
20240529162008,-19.66
20240529163008,-19.18
20240529164008,-18.82
20240529165008,-18.51
20240607090008,24.76
20240607091008,4.48
20240607092008,6.1
20240607093008,5.99
20240607094008,5.88
20240607095008,5.68
20240607100008,5.76
20240607101008,6.07
20240607102008,8.42
20240607103008,10.0
20240607104008,6.81
20240607105008,2.09
20240607110008,-20.11
20240607111008,-19.67
20240607112008,-19.73
20240607113008,-19.98
20240607114008,-20.08
20240607115008,-20.34
20240607120008,-20.4
20240607121008,-20.63
20240607122008,-20.99
20240607123008,-21.42
20240607124008,-21.71
20240607125008,-21.99
20240607130008,-22.44
20240607131008,-22.78
20240607132008,-23.01
20240607133008,-23.23
20240607134008,-23.28
20240607135008,-23.37
20240607140008,-23.04
20240607141008,-22.82
20240607142008,-22.75
20240607143008,-22.71
20240607144008,-22.51
20240607145008,-22.28
20240607150008,-21.77
20240607151008,-21.68
20240607152008,-21.37
20240607153008,-21.1
20240607154008,-20.95
20240607155008,-20.55
20240607160008,-20.29
20240607161008,-19.9
20240607162008,-19.66
20240607163008,-19.18
20240607164008,-18.82
20240607165008,-18.51
20240613090008,21.85
20240613091008,-6.35
20240613092008,-5.69
20240613093008,-3.77
20240613094008,-2.02
20240613095008,-1.51
20240613100008,-0.04
20240613101008,1.63
20240613102008,2.74
20240613103008,3.38
20240613104008,2.84
20240613105008,1.52
20240613110008,-20.11
20240613111008,-19.67
20240613112008,-19.73
20240613113008,-19.98
20240613114008,-20.08
20240613115008,-20.34
20240613120008,-20.4
20240613121008,-20.63
20240613122008,-20.99
20240613123008,-21.42
20240613124008,-21.71
20240613125008,-21.99
20240613130008,-22.44
20240613131008,-22.78
20240613132008,-23.01
20240613133008,-23.23
20240613134008,-23.28
20240613135008,-23.37
20240613140008,-23.04
20240613141008,-22.82
20240613142008,-22.75
20240613143008,-22.71
20240613144008,-22.51
20240613145008,-22.28
20240613150008,-21.77
20240613151008,-21.68
20240613152008,-21.37
20240613153008,-21.1
20240613154008,-20.95
20240613155008,-20.55
20240613160008,-20.29
20240613161008,-19.9
20240613162008,-19.66
20240613163008,-19.18
20240613164008,-18.82
20240613165008,-18.51
20240628090008,21.05
20240628091008,-13.0
20240628092008,-7.48
20240628093008,-1.33
20240628094008,5.51
20240628095008,11.2
20240628100008,15.81
20240628101008,18.79
20240628102008,17.68
20240628103008,15.21
20240628104008,12.15
20240628105008,10.82
20240628110008,-20.11
20240628111008,-19.67
20240628112008,-19.73
20240628113008,-19.98
20240628114008,-20.08
20240628115008,-20.34
20240628120008,-20.4
20240628121008,-20.63
20240628122008,-20.99
20240628123008,-21.42
20240628124008,-21.71
20240628125008,-21.99
20240628130008,-22.44
20240628131008,-22.78
20240628132008,-23.01
20240628133008,-23.23
20240628134008,-23.28
20240628135008,-23.37
20240628140008,-23.04
20240628141008,-22.82
20240628142008,-22.75
20240628143008,-22.71
20240628144008,-22.51
20240628145008,-22.28
20240628150008,-21.77
20240628151008,-21.68
20240628152008,-21.37
20240628153008,-21.1
20240628154008,-20.95
20240628155008,-20.55
20240628160008,-20.29
20240628161008,-19.9
20240628162008,-19.66
20240628163008,-19.18
20240628164008,-18.82
20240628165008,-18.51
20240705090008,21.62
20240705091008,-14.74
20240705092008,-11.36
20240705093008,-6.87
20240705094008,-2.82
20240705095008,1.05
20240705100008,4.22
20240705101008,6.73
20240705102008,7.08
20240705103008,7.98
20240705104008,7.99
20240705105008,9.34
20240705110008,-20.11
20240705111008,-19.67
20240705112008,-19.73
20240705113008,-19.98
20240705114008,-20.08
20240705115008,-20.34
20240705120008,-20.4
20240705121008,-20.63
20240705122008,-20.99
20240705123008,-21.42
20240705124008,-21.71
20240705125008,-21.99
20240705130008,-22.44
20240705131008,-22.78
20240705132008,-23.01
20240705133008,-23.23
20240705134008,-23.28
20240705135008,-23.37
20240705140008,-23.04
20240705141008,-22.82
20240705142008,-22.75
20240705143008,-22.71
20240705144008,-22.51
20240705145008,-22.28
20240705150008,-21.77
20240705151008,-21.68
20240705152008,-21.37
20240705153008,-21.1
20240705154008,-20.95
20240705155008,-20.55
20240705160008,-20.29
20240705161008,-19.9
20240705162008,-19.66
20240705163008,-19.18
20240705164008,-18.82
20240705165008,-18.51
20240709090008,11.49
20240709091008,-19.74
20240709092008,-18.33
20240709093008,-16.21
20240709094008,-14.43
20240709095008,-13.35
20240709100008,-10.7
20240709101008,-7.46
20240709102008,-4.28
20240709103008,-1.72
20240709104008,2.37
20240709105008,8.53
20240709110008,-20.11
20240709111008,-19.67
20240709112008,-19.73
20240709113008,-19.98
20240709114008,-20.08
20240709115008,-20.34
20240709120008,-20.4
20240709121008,-20.63
20240709122008,-20.99
20240709123008,-21.42
20240709124008,-21.71
20240709125008,-21.99
20240709130008,-22.44
20240709131008,-22.78
20240709132008,-23.01
20240709133008,-23.23
20240709134008,-23.28
20240709135008,-23.37
20240709140008,-23.04
20240709141008,-22.82
20240709142008,-22.75
20240709143008,-22.71
20240709144008,-22.51
20240709145008,-22.28
20240709150008,-21.77
20240709151008,-21.68
20240709152008,-21.37
20240709153008,-21.1
20240709154008,-20.95
20240709155008,-20.55
20240709160008,-20.29
20240709161008,-19.9
20240709162008,-19.66
20240709163008,-19.18
20240709164008,-18.82
20240709165008,-18.51
20240715090008,26.11
20240715091008,-11.81
20240715092008,-6.29
20240715093008,0.64
20240715094008,6.95
20240715095008,11.95
20240715100008,15.13
20240715101008,16.59
20240715102008,17.57
20240715103008,19.39
20240715104008,20.15
20240715105008,21.29
20240715110008,-20.11
20240715111008,-19.67
20240715112008,-19.73
20240715113008,-19.98
20240715114008,-20.08
20240715115008,-20.34
20240715120008,-20.4
20240715121008,-20.63
20240715122008,-20.99
20240715123008,-21.42
20240715124008,-21.71
20240715125008,-21.99
20240715130008,-22.44
20240715131008,-22.78
20240715132008,-23.01
20240715133008,-23.23
20240715134008,-23.28
20240715135008,-23.37
20240715140008,-23.04
20240715141008,-22.82
20240715142008,-22.75
20240715143008,-22.71
20240715144008,-22.51
20240715145008,-22.28
20240715150008,-21.77
20240715151008,-21.68
20240715152008,-21.37
20240715153008,-21.1
20240715154008,-20.95
20240715155008,-20.55
20240715160008,-20.29
20240715161008,-19.9
20240715162008,-19.66
20240715163008,-19.18
20240715164008,-18.82
20240715165008,-18.51
20240719090008,28.1
20240719091008,-17.34
20240719092008,-13.99
20240719093008,-10.19
20240719094008,-6.74
20240719095008,-3.45
20240719100008,-0.4
20240719101008,1.44
20240719102008,3.84
20240719103008,5.63
20240719104008,7.96
20240719105008,13.85
20240719110008,-20.11
20240719111008,-19.67
20240719112008,-19.73
20240719113008,-19.98
20240719114008,-20.08
20240719115008,-20.34
20240719120008,-20.4
20240719121008,-20.63
20240719122008,-20.99
20240719123008,-21.42
20240719124008,-21.71
20240719125008,-21.99
20240719130008,-22.44
20240719131008,-22.78
20240719132008,-23.01
20240719133008,-23.23
20240719134008,-23.28
20240719135008,-23.37
20240719140008,-23.04
20240719141008,-22.82
20240719142008,-22.75
20240719143008,-22.71
20240719144008,-22.51
20240719145008,-22.28
20240719150008,-21.77
20240719151008,-21.68
20240719152008,-21.37
20240719153008,-21.1
20240719154008,-20.95
20240719155008,-20.55
20240719160008,-20.29
20240719161008,-19.9
20240719162008,-19.66
20240719163008,-19.18
20240719164008,-18.82
20240719165008,-18.51
20240309090009,7.29
20240309091009,-20.04
20240309092009,-14.83
20240309093009,-10.15
20240309094009,-6.46
20240309095009,-2.02
20240309100009,2.43
20240309101009,8.27
20240309102009,18.16
20240309103009,25.74
20240309104009,33.64
20240309105009,44.78
20240309110009,-20.11
20240309111009,-19.67
20240309112009,-19.73
20240309113009,-19.98
20240309114009,-20.08
20240309115009,-20.34
20240309120009,-20.4
20240309121009,-20.63
20240309122009,-20.99
20240309123009,-21.42
20240309124009,-21.71
20240309125009,-21.99
20240309130009,-22.44
20240309131009,-22.78
20240309132009,-23.01
20240309133009,-23.23
20240309134009,-23.28
20240309135009,-23.37
20240309140009,-23.04
20240309141009,-22.82
20240309142009,-22.75
20240309143009,-22.71
20240309144009,-22.51
20240309145009,-22.28
20240309150009,-21.77
20240309151009,-21.68
20240309152009,-21.37
20240309153009,-21.1
20240309154009,-20.95
20240309155009,-20.55
20240309160009,-20.29
20240309161009,-19.9
20240309162009,-19.66
20240309163009,-19.18
20240309164009,-18.82
20240309165009,-18.51
20240314090009,-25.88
20240314091009,-38.11
20240314092009,-36.28
20240314093009,-34.22
20240314094009,-33.0
20240314095009,-31.88
20240314100009,-30.56
20240314101009,-29.27
20240314102009,-27.6
20240314103009,-25.59
20240314104009,-23.1
20240314105009,-20.31
20240314110009,-20.11
20240314111009,-19.67
20240314112009,-19.73
20240314113009,-19.98
20240314114009,-20.08
20240314115009,-20.34
20240314120009,-20.4
20240314121009,-20.63
20240314122009,-20.99
20240314123009,-21.42
20240314124009,-21.71
20240314125009,-21.99
20240314130009,-22.44
20240314131009,-22.78
20240314132009,-23.01
20240314133009,-23.23
20240314134009,-23.28
20240314135009,-23.37
20240314140009,-23.04
20240314141009,-22.82
20240314142009,-22.75
20240314143009,-22.71
20240314144009,-22.51
20240314145009,-22.28
20240314150009,-21.77
20240314151009,-21.68
20240314152009,-21.37
20240314153009,-21.1
20240314154009,-20.95
20240314155009,-20.55
20240314160009,-20.29
20240314161009,-19.9
20240314162009,-19.66
20240314163009,-19.18
20240314164009,-18.82
20240314165009,-18.51
20240414090009,49.64
20240414091009,25.9
20240414092009,41.67
20240414093009,59.83
20240414094009,72.38
20240414095009,84.14
20240414100009,95.09
20240414101009,98.43
20240414102009,99.34
20240414103009,102.36
20240414104009,112.66
20240414105009,148.31
20240414110009,-20.11
20240414111009,-19.67
20240414112009,-19.73
20240414113009,-19.98
20240414114009,-20.08
20240414115009,-20.34
20240414120009,-20.4
20240414121009,-20.63
20240414122009,-20.99
20240414123009,-21.42
20240414124009,-21.71
20240414125009,-21.99
20240414130009,-22.44
20240414131009,-22.78
20240414132009,-23.01
20240414133009,-23.23
20240414134009,-23.28
20240414135009,-23.37
20240414140009,-23.04
20240414141009,-22.82
20240414142009,-22.75
20240414143009,-22.71
20240414144009,-22.51
20240414145009,-22.28
20240414150009,-21.77
20240414151009,-21.68
20240414152009,-21.37
20240414153009,-21.1
20240414154009,-20.95
20240414155009,-20.55
20240414160009,-20.29
20240414161009,-19.9
20240414162009,-19.66
20240414163009,-19.18
20240414164009,-18.82
20240414165009,-18.51
20240506090009,20.11
20240506091009,-8.98
20240506092009,-4.19
20240506093009,1.75
20240506094009,8.44
20240506095009,16.3
20240506100009,28.25
20240506101009,39.84
20240506102009,45.3
20240506103009,51.26
20240506104009,51.55
20240506105009,60.41
20240506110009,-20.11
20240506111009,-19.67
20240506112009,-19.73
20240506113009,-19.98
20240506114009,-20.08
20240506115009,-20.34
20240506120009,-20.4
20240506121009,-20.63
20240506122009,-20.99
20240506123009,-21.42
20240506124009,-21.71
20240506125009,-21.99
20240506130009,-22.44
20240506131009,-22.78
20240506132009,-23.01
20240506133009,-23.23
20240506134009,-23.28
20240506135009,-23.37
20240506140009,-23.04
20240506141009,-22.82
20240506142009,-22.75
20240506143009,-22.71
20240506144009,-22.51
20240506145009,-22.28
20240506150009,-21.77
20240506151009,-21.68
20240506152009,-21.37
20240506153009,-21.1
20240506154009,-20.95
20240506155009,-20.55
20240506160009,-20.29
20240506161009,-19.9
20240506162009,-19.66
20240506163009,-19.18
20240506164009,-18.82
20240506165009,-18.51
20240526090009,18.28
20240526091009,9.88
20240526092009,15.92
20240526093009,20.52
20240526094009,25.76
20240526095009,30.23
20240526100009,32.56
20240526101009,32.8
20240526102009,32.67
20240526103009,31.55
20240526104009,24.61
20240526105009,8.11
20240526110009,-20.11
20240526111009,-19.67
20240526112009,-19.73
20240526113009,-19.98
20240526114009,-20.08
20240526115009,-20.34
20240526120009,-20.4
20240526121009,-20.63
20240526122009,-20.99
20240526123009,-21.42
20240526124009,-21.71
20240526125009,-21.99
20240526130009,-22.44
20240526131009,-22.78
20240526132009,-23.01
20240526133009,-23.23
20240526134009,-23.28
20240526135009,-23.37
20240526140009,-23.04
20240526141009,-22.82
20240526142009,-22.75
20240526143009,-22.71
20240526144009,-22.51
20240526145009,-22.28
20240526150009,-21.77
20240526151009,-21.68
20240526152009,-21.37
20240526153009,-21.1
20240526154009,-20.95
20240526155009,-20.55
20240526160009,-20.29
20240526161009,-19.9
20240526162009,-19.66
20240526163009,-19.18
20240526164009,-18.82
20240526165009,-18.51
20240614090009,29.82
20240614091009,-28.82
20240614092009,-29.07
20240614093009,-30.16
20240614094009,-30.37
20240614095009,-29.74
20240614100009,-28.24
20240614101009,-25.71
20240614102009,-21.32
20240614103009,-14.72
20240614104009,-7.48
20240614105009,4.22
20240614110009,-20.11
20240614111009,-19.67
20240614112009,-19.73
20240614113009,-19.98
20240614114009,-20.08
20240614115009,-20.34
20240614120009,-20.4
20240614121009,-20.63
20240614122009,-20.99
20240614123009,-21.42
20240614124009,-21.71
20240614125009,-21.99
20240614130009,-22.44
20240614131009,-22.78
20240614132009,-23.01
20240614133009,-23.23
20240614134009,-23.28
20240614135009,-23.37
20240614140009,-23.04
20240614141009,-22.82
20240614142009,-22.75
20240614143009,-22.71
20240614144009,-22.51
20240614145009,-22.28
20240614150009,-21.77
20240614151009,-21.68
20240614152009,-21.37
20240614153009,-21.1
20240614154009,-20.95
20240614155009,-20.55
20240614160009,-20.29
20240614161009,-19.9
20240614162009,-19.66
20240614163009,-19.18
20240614164009,-18.82
20240614165009,-18.51
20240621090009,38.22
20240621091009,-24.3
20240621092009,-23.22
20240621093009,-21.44
20240621094009,-18.48
20240621095009,-14.57
20240621100009,-9.54
20240621101009,-3.63
20240621102009,2.42
20240621103009,10.48
20240621104009,16.95
20240621105009,27.56
20240621110009,-20.11
20240621111009,-19.67
20240621112009,-19.73
20240621113009,-19.98
20240621114009,-20.08
20240621115009,-20.34
20240621120009,-20.4
20240621121009,-20.63
20240621122009,-20.99
20240621123009,-21.42
20240621124009,-21.71
20240621125009,-21.99
20240621130009,-22.44
20240621131009,-22.78
20240621132009,-23.01
20240621133009,-23.23
20240621134009,-23.28
20240621135009,-23.37
20240621140009,-23.04
20240621141009,-22.82
20240621142009,-22.75
20240621143009,-22.71
20240621144009,-22.51
20240621145009,-22.28
20240621150009,-21.77
20240621151009,-21.68
20240621152009,-21.37
20240621153009,-21.1
20240621154009,-20.95
20240621155009,-20.55
20240621160009,-20.29
20240621161009,-19.9
20240621162009,-19.66
20240621163009,-19.18
20240621164009,-18.82
20240621165009,-18.51
20240628090009,46.07
20240628091009,-27.13
20240628092009,-22.83
20240628093009,-16.85
20240628094009,-6.55
20240628095009,5.14
20240628100009,15.41
20240628101009,27.35
20240628102009,30.46
20240628103009,34.23
20240628104009,46.05
20240628105009,66.43
20240628110009,-20.11
20240628111009,-19.67
20240628112009,-19.73
20240628113009,-19.98
20240628114009,-20.08
20240628115009,-20.34
20240628120009,-20.4
20240628121009,-20.63
20240628122009,-20.99
20240628123009,-21.42
20240628124009,-21.71
20240628125009,-21.99
20240628130009,-22.44
20240628131009,-22.78
20240628132009,-23.01
20240628133009,-23.23
20240628134009,-23.28
20240628135009,-23.37
20240628140009,-23.04
20240628141009,-22.82
20240628142009,-22.75
20240628143009,-22.71
20240628144009,-22.51
20240628145009,-22.28
20240628150009,-21.77
20240628151009,-21.68
20240628152009,-21.37
20240628153009,-21.1
20240628154009,-20.95
20240628155009,-20.55
20240628160009,-20.29
20240628161009,-19.9
20240628162009,-19.66
20240628163009,-19.18
20240628164009,-18.82
20240628165009,-18.51
20240717090009,46.9
20240717091009,-36.87
20240717092009,-34.66
20240717093009,-31.28
20240717094009,-26.97
20240717095009,-21.89
20240717100009,-14.76
20240717101009,-7.36
20240717102009,1.31
20240717103009,11.85
20240717104009,30.92
20240717105009,51.19
20240717110009,-20.11
20240717111009,-19.67
20240717112009,-19.73
20240717113009,-19.98
20240717114009,-20.08
20240717115009,-20.34
20240717120009,-20.4
20240717121009,-20.63
20240717122009,-20.99
20240717123009,-21.42
20240717124009,-21.71
20240717125009,-21.99
20240717130009,-22.44
20240717131009,-22.78
20240717132009,-23.01
20240717133009,-23.23
20240717134009,-23.28
20240717135009,-23.37
20240717140009,-23.04
20240717141009,-22.82
20240717142009,-22.75
20240717143009,-22.71
20240717144009,-22.51
20240717145009,-22.28
20240717150009,-21.77
20240717151009,-21.68
20240717152009,-21.37
20240717153009,-21.1
20240717154009,-20.95
20240717155009,-20.55
20240717160009,-20.29
20240717161009,-19.9
20240717162009,-19.66
20240717163009,-19.18
20240717164009,-18.82
20240717165009,-18.51
20240316090010,60.8
20240316091010,49.82
20240316092010,91.31
20240316093010,230.0
20240316094010,372.56
20240316095010,452.38
20240316100010,599.6
20240316101010,731.98
20240316102010,641.45
20240316103010,674.14
20240316104010,533.13
20240316105010,432.33
20240316110010,-20.11
20240316111010,-19.67
20240316112010,-19.73
20240316113010,-19.98
20240316114010,-20.08
20240316115010,-20.34
20240316120010,-20.4
20240316121010,-20.63
20240316122010,-20.99
20240316123010,-21.42
20240316124010,-21.71
20240316125010,-21.99
20240316130010,-22.44
20240316131010,-22.78
20240316132010,-23.01
20240316133010,-23.23
20240316134010,-23.28
20240316135010,-23.37
20240316140010,-23.04
20240316141010,-22.82
20240316142010,-22.75
20240316143010,-22.71
20240316144010,-22.51
20240316145010,-22.28
20240316150010,-21.77
20240316151010,-21.68
20240316152010,-21.37
20240316153010,-21.1
20240316154010,-20.95
20240316155010,-20.55
20240316160010,-20.29
20240316161010,-19.9
20240316162010,-19.66
20240316163010,-19.18
20240316164010,-18.82
20240316165010,-18.51
20240324090010,79.97
20240324091010,106.53
20240324092010,381.07
20240324093010,566.72
20240324094010,600.29
20240324095010,760.13
20240324100010,1021.22
20240324101010,1048.34
20240324102010,947.38
20240324103010,770.41
20240324104010,626.77
20240324105010,492.74
20240324110010,-20.11
20240324111010,-19.67
20240324112010,-19.73
20240324113010,-19.98
20240324114010,-20.08
20240324115010,-20.34
20240324120010,-20.4
20240324121010,-20.63
20240324122010,-20.99
20240324123010,-21.42
20240324124010,-21.71
20240324125010,-21.99
20240324130010,-22.44
20240324131010,-22.78
20240324132010,-23.01
20240324133010,-23.23
20240324134010,-23.28
20240324135010,-23.37
20240324140010,-23.04
20240324141010,-22.82
20240324142010,-22.75
20240324143010,-22.71
20240324144010,-22.51
20240324145010,-22.28
20240324150010,-21.77
20240324151010,-21.68
20240324152010,-21.37
20240324153010,-21.1
20240324154010,-20.95
20240324155010,-20.55
20240324160010,-20.29
20240324161010,-19.9
20240324162010,-19.66
20240324163010,-19.18
20240324164010,-18.82
20240324165010,-18.51
20240412090010,50.09
20240412091010,26.77
20240412092010,76.06
20240412093010,114.89
20240412094010,137.4
20240412095010,259.78
20240412100010,328.44
20240412101010,1157.64
20240412102010,995.86
20240412103010,871.4
20240412104010,561.44
20240412105010,411.59
20240412110010,-20.11
20240412111010,-19.67
20240412112010,-19.73
20240412113010,-19.98
20240412114010,-20.08
20240412115010,-20.34
20240412120010,-20.4
20240412121010,-20.63
20240412122010,-20.99
20240412123010,-21.42
20240412124010,-21.71
20240412125010,-21.99
20240412130010,-22.44
20240412131010,-22.78
20240412132010,-23.01
20240412133010,-23.23
20240412134010,-23.28
20240412135010,-23.37
20240412140010,-23.04
20240412141010,-22.82
20240412142010,-22.75
20240412143010,-22.71
20240412144010,-22.51
20240412145010,-22.28
20240412150010,-21.77
20240412151010,-21.68
20240412152010,-21.37
20240412153010,-21.1
20240412154010,-20.95
20240412155010,-20.55
20240412160010,-20.29
20240412161010,-19.9
20240412162010,-19.66
20240412163010,-19.18
20240412164010,-18.82
20240412165010,-18.51
20240419090010,2.21
20240419091010,17.12
20240419092010,24.9
20240419093010,29.48
20240419094010,36.07
20240419095010,39.95
20240419100010,41.86
20240419101010,40.84
20240419102010,40.16
20240419103010,38.5
20240419104010,32.31
20240419105010,24.64
20240419110010,-20.11
20240419111010,-19.67
20240419112010,-19.73
20240419113010,-19.98
20240419114010,-20.08
20240419115010,-20.34
20240419120010,-20.4
20240419121010,-20.63
20240419122010,-20.99
20240419123010,-21.42
20240419124010,-21.71
20240419125010,-21.99
20240419130010,-22.44
20240419131010,-22.78
20240419132010,-23.01
20240419133010,-23.23
20240419134010,-23.28
20240419135010,-23.37
20240419140010,-23.04
20240419141010,-22.82
20240419142010,-22.75
20240419143010,-22.71
20240419144010,-22.51
20240419145010,-22.28
20240419150010,-21.77
20240419151010,-21.68
20240419152010,-21.37
20240419153010,-21.1
20240419154010,-20.95
20240419155010,-20.55
20240419160010,-20.29
20240419161010,-19.9
20240419162010,-19.66
20240419163010,-19.18
20240419164010,-18.82
20240419165010,-18.51
20240515090010,22.24
20240515091010,137.07
20240515092010,621.31
20240515093010,782.38
20240515094010,872.6
20240515095010,853.35
20240515100010,838.27
20240515101010,1063.76
20240515102010,993.48
20240515103010,752.37
20240515104010,515.35
20240515105010,356.09
20240515110010,-20.11
20240515111010,-19.67
20240515112010,-19.73
20240515113010,-19.98
20240515114010,-20.08
20240515115010,-20.34
20240515120010,-20.4
20240515121010,-20.63
20240515122010,-20.99
20240515123010,-21.42
20240515124010,-21.71
20240515125010,-21.99
20240515130010,-22.44
20240515131010,-22.78
20240515132010,-23.01
20240515133010,-23.23
20240515134010,-23.28
20240515135010,-23.37
20240515140010,-23.04
20240515141010,-22.82
20240515142010,-22.75
20240515143010,-22.71
20240515144010,-22.51
20240515145010,-22.28
20240515150010,-21.77
20240515151010,-21.68
20240515152010,-21.37
20240515153010,-21.1
20240515154010,-20.95
20240515155010,-20.55
20240515160010,-20.29
20240515161010,-19.9
20240515162010,-19.66
20240515163010,-19.18
20240515164010,-18.82
20240515165010,-18.51
20240526090010,17.23
20240526091010,-15.95
20240526092010,-11.67
20240526093010,-5.32
20240526094010,6.53
20240526095010,16.08
20240526100010,28.09
20240526101010,34.66
20240526102010,41.24
20240526103010,45.19
20240526104010,42.66
20240526105010,31.43
20240526110010,-20.11
20240526111010,-19.67
20240526112010,-19.73
20240526113010,-19.98
20240526114010,-20.08
20240526115010,-20.34
20240526120010,-20.4
20240526121010,-20.63
20240526122010,-20.99
20240526123010,-21.42
20240526124010,-21.71
20240526125010,-21.99
20240526130010,-22.44
20240526131010,-22.78
20240526132010,-23.01
20240526133010,-23.23
20240526134010,-23.28
20240526135010,-23.37
20240526140010,-23.04
20240526141010,-22.82
20240526142010,-22.75
20240526143010,-22.71
20240526144010,-22.51
20240526145010,-22.28
20240526150010,-21.77
20240526151010,-21.68
20240526152010,-21.37
20240526153010,-21.1
20240526154010,-20.95
20240526155010,-20.55
20240526160010,-20.29
20240526161010,-19.9
20240526162010,-19.66
20240526163010,-19.18
20240526164010,-18.82
20240526165010,-18.51
20240617090010,29.4
20240617091010,-15.2
20240617092010,-11.93
20240617093010,-7.18
20240617094010,-1.58
20240617095010,5.01
20240617100010,10.21
20240617101010,15.05
20240617102010,22.55
20240617103010,30.02
20240617104010,37.04
20240617105010,45.04
20240617110010,-20.11
20240617111010,-19.67
20240617112010,-19.73
20240617113010,-19.98
20240617114010,-20.08
20240617115010,-20.34
20240617120010,-20.4
20240617121010,-20.63
20240617122010,-20.99
20240617123010,-21.42
20240617124010,-21.71
20240617125010,-21.99
20240617130010,-22.44
20240617131010,-22.78
20240617132010,-23.01
20240617133010,-23.23
20240617134010,-23.28
20240617135010,-23.37
20240617140010,-23.04
20240617141010,-22.82
20240617142010,-22.75
20240617143010,-22.71
20240617144010,-22.51
20240617145010,-22.28
20240617150010,-21.77
20240617151010,-21.68
20240617152010,-21.37
20240617153010,-21.1
20240617154010,-20.95
20240617155010,-20.55
20240617160010,-20.29
20240617161010,-19.9
20240617162010,-19.66
20240617163010,-19.18
20240617164010,-18.82
20240617165010,-18.51
20240630090010,44.96
20240630091010,189.99
20240630092010,201.6
20240630093010,256.11
20240630094010,393.24
20240630095010,661.33
20240630100010,741.19
20240630101010,847.39
20240630102010,1026.9
20240630103010,843.58
20240630104010,565.29
20240630105010,508.12
20240630110010,-20.11
20240630111010,-19.67
20240630112010,-19.73
20240630113010,-19.98
20240630114010,-20.08
20240630115010,-20.34
20240630120010,-20.4
20240630121010,-20.63
20240630122010,-20.99
20240630123010,-21.42
20240630124010,-21.71
20240630125010,-21.99
20240630130010,-22.44
20240630131010,-22.78
20240630132010,-23.01
20240630133010,-23.23
20240630134010,-23.28
20240630135010,-23.37
20240630140010,-23.04
20240630141010,-22.82
20240630142010,-22.75
20240630143010,-22.71
20240630144010,-22.51
20240630145010,-22.28
20240630150010,-21.77
20240630151010,-21.68
20240630152010,-21.37
20240630153010,-21.1
20240630154010,-20.95
20240630155010,-20.55
20240630160010,-20.29
20240630161010,-19.9
20240630162010,-19.66
20240630163010,-19.18
20240630164010,-18.82
20240630165010,-18.51
20240714090010,397.62
20240714091010,232.27
20240714092010,293.4
20240714093010,376.24
20240714094010,698.82
20240714095010,762.22
20240714100010,897.47
20240714101010,944.65
20240714102010,938.46
20240714103010,843.79
20240714104010,664.59
20240714105010,457.68
20240714110010,-20.11
20240714111010,-19.67
20240714112010,-19.73
20240714113010,-19.98
20240714114010,-20.08
20240714115010,-20.34
20240714120010,-20.4
20240714121010,-20.63
20240714122010,-20.99
20240714123010,-21.42
20240714124010,-21.71
20240714125010,-21.99
20240714130010,-22.44
20240714131010,-22.78
20240714132010,-23.01
20240714133010,-23.23
20240714134010,-23.28
20240714135010,-23.37
20240714140010,-23.04
20240714141010,-22.82
20240714142010,-22.75
20240714143010,-22.71
20240714144010,-22.51
20240714145010,-22.28
20240714150010,-21.77
20240714151010,-21.68
20240714152010,-21.37
20240714153010,-21.1
20240714154010,-20.95
20240714155010,-20.55
20240714160010,-20.29
20240714161010,-19.9
20240714162010,-19.66
20240714163010,-19.18
20240714164010,-18.82
20240714165010,-18.51
20240718090010,294.02
20240718091010,263.54
20240718092010,223.15
20240718093010,268.55
20240718094010,385.06
20240718095010,542.18
20240718100010,708.04
20240718101010,851.69
20240718102010,868.39
20240718103010,667.19
20240718104010,528.62
20240718105010,399.3
20240718110010,-20.11
20240718111010,-19.67
20240718112010,-19.73
20240718113010,-19.98
20240718114010,-20.08
20240718115010,-20.34
20240718120010,-20.4
20240718121010,-20.63
20240718122010,-20.99
20240718123010,-21.42
20240718124010,-21.71
20240718125010,-21.99
20240718130010,-22.44
20240718131010,-22.78
20240718132010,-23.01
20240718133010,-23.23
20240718134010,-23.28
20240718135010,-23.37
20240718140010,-23.04
20240718141010,-22.82
20240718142010,-22.75
20240718143010,-22.71
20240718144010,-22.51
20240718145010,-22.28
20240718150010,-21.77
20240718151010,-21.68
20240718152010,-21.37
20240718153010,-21.1
20240718154010,-20.95
20240718155010,-20.55
20240718160010,-20.29
20240718161010,-19.9
20240718162010,-19.66
20240718163010,-19.18
20240718164010,-18.82
20240718165010,-18.51
20240720090010,419.53
20240720091010,320.69
20240720092010,347.38
20240720093010,321.43
20240720094010,392.28
20240720095010,536.56
20240720100010,893.23
20240720101010,894.2
20240720102010,821.2
20240720103010,697.74
20240720104010,638.14
20240720105010,416.15
20240720110010,-20.11
20240720111010,-19.67
20240720112010,-19.73
20240720113010,-19.98
20240720114010,-20.08
20240720115010,-20.34
20240720120010,-20.4
20240720121010,-20.63
20240720122010,-20.99
20240720123010,-21.42
20240720124010,-21.71
20240720125010,-21.99
20240720130010,-22.44
20240720131010,-22.78
20240720132010,-23.01
20240720133010,-23.23
20240720134010,-23.28
20240720135010,-23.37
20240720140010,-23.04
20240720141010,-22.82
20240720142010,-22.75
20240720143010,-22.71
20240720144010,-22.51
20240720145010,-22.28
20240720150010,-21.77
20240720151010,-21.68
20240720152010,-21.37
20240720153010,-21.1
20240720154010,-20.95
20240720155010,-20.55
20240720160010,-20.29
20240720161010,-19.9
20240720162010,-19.66
20240720163010,-19.18
20240720164010,-18.82
20240720165010,-18.51
20240322090011,21.49
20240322091011,8.07
20240322092011,12.05
20240322093011,18.59
20240322094011,21.36
20240322095011,26.49
20240322100011,32.88
20240322101011,43.94
20240322102011,58.02
20240322103011,72.17
20240322104011,87.99
20240322105011,82.32
20240322110011,-20.11
20240322111011,-19.67
20240322112011,-19.73
20240322113011,-19.98
20240322114011,-20.08
20240322115011,-20.34
20240322120011,-20.4
20240322121011,-20.63
20240322122011,-20.99
20240322123011,-21.42
20240322124011,-21.71
20240322125011,-21.99
20240322130011,-22.44
20240322131011,-22.78
20240322132011,-23.01
20240322133011,-23.23
20240322134011,-23.28
20240322135011,-23.37
20240322140011,-23.04
20240322141011,-22.82
20240322142011,-22.75
20240322143011,-22.71
20240322144011,-22.51
20240322145011,-22.28
20240322150011,-21.77
20240322151011,-21.68
20240322152011,-21.37
20240322153011,-21.1
20240322154011,-20.95
20240322155011,-20.55
20240322160011,-20.29
20240322161011,-19.9
20240322162011,-19.66
20240322163011,-19.18
20240322164011,-18.82
20240322165011,-18.51
20240327090011,-24.67
20240327091011,-32.4
20240327092011,-27.37
20240327093011,-22.56
20240327094011,-18.42
20240327095011,-15.73
20240327100011,-13.06
20240327101011,-10.97
20240327102011,-8.42
20240327103011,-6.08
20240327104011,-2.52
20240327105011,0.09
20240327110011,-20.11
20240327111011,-19.67
20240327112011,-19.73
20240327113011,-19.98
20240327114011,-20.08
20240327115011,-20.34
20240327120011,-20.4
20240327121011,-20.63
20240327122011,-20.99
20240327123011,-21.42
20240327124011,-21.71
20240327125011,-21.99
20240327130011,-22.44
20240327131011,-22.78
20240327132011,-23.01
20240327133011,-23.23
20240327134011,-23.28
20240327135011,-23.37
20240327140011,-23.04
20240327141011,-22.82
20240327142011,-22.75
20240327143011,-22.71
20240327144011,-22.51
20240327145011,-22.28
20240327150011,-21.77
20240327151011,-21.68
20240327152011,-21.37
20240327153011,-21.1
20240327154011,-20.95
20240327155011,-20.55
20240327160011,-20.29
20240327161011,-19.9
20240327162011,-19.66
20240327163011,-19.18
20240327164011,-18.82
20240327165011,-18.51
20240413090011,50.6
20240413091011,50.79
20240413092011,67.02
20240413093011,81.99
20240413094011,96.28
20240413095011,106.02
20240413100011,112.55
20240413101011,107.5
20240413102011,94.35
20240413103011,94.62
20240413104011,113.07
20240413105011,265.91
20240413110011,-20.11
20240413111011,-19.67
20240413112011,-19.73
20240413113011,-19.98
20240413114011,-20.08
20240413115011,-20.34
20240413120011,-20.4
20240413121011,-20.63
20240413122011,-20.99
20240413123011,-21.42
20240413124011,-21.71
20240413125011,-21.99
20240413130011,-22.44
20240413131011,-22.78
20240413132011,-23.01
20240413133011,-23.23
20240413134011,-23.28
20240413135011,-23.37
20240413140011,-23.04
20240413141011,-22.82
20240413142011,-22.75
20240413143011,-22.71
20240413144011,-22.51
20240413145011,-22.28
20240413150011,-21.77
20240413151011,-21.68
20240413152011,-21.37
20240413153011,-21.1
20240413154011,-20.95
20240413155011,-20.55
20240413160011,-20.29
20240413161011,-19.9
20240413162011,-19.66
20240413163011,-19.18
20240413164011,-18.82
20240413165011,-18.51
20240426090011,-2.0
20240426091011,2.22
20240426092011,3.75
20240426093011,5.43
20240426094011,5.78
20240426095011,5.8
20240426100011,-3.82
20240426101011,-3.89
20240426102011,-3.81
20240426103011,-1.97
20240426104011,-1.61
20240426105011,-7.96
20240426110011,-20.11
20240426111011,-19.67
20240426112011,-19.73
20240426113011,-19.98
20240426114011,-20.08
20240426115011,-20.34
20240426120011,-20.4
20240426121011,-20.63
20240426122011,-20.99
20240426123011,-21.42
20240426124011,-21.71
20240426125011,-21.99
20240426130011,-22.44
20240426131011,-22.78
20240426132011,-23.01
20240426133011,-23.23
20240426134011,-23.28
20240426135011,-23.37
20240426140011,-23.04
20240426141011,-22.82
20240426142011,-22.75
20240426143011,-22.71
20240426144011,-22.51
20240426145011,-22.28
20240426150011,-21.77
20240426151011,-21.68
20240426152011,-21.37
20240426153011,-21.1
20240426154011,-20.95
20240426155011,-20.55
20240426160011,-20.29
20240426161011,-19.9
20240426162011,-19.66
20240426163011,-19.18
20240426164011,-18.82
20240426165011,-18.51
20240606090011,-0.8
20240606091011,-10.77
20240606092011,-7.54
20240606093011,-5.16
20240606094011,-3.57
20240606095011,-2.04
20240606100011,-0.69
20240606101011,1.02
20240606102011,2.56
20240606103011,3.16
20240606104011,1.75
20240606105011,-1.13
20240606110011,-20.11
20240606111011,-19.67
20240606112011,-19.73
20240606113011,-19.98
20240606114011,-20.08
20240606115011,-20.34
20240606120011,-20.4
20240606121011,-20.63
20240606122011,-20.99
20240606123011,-21.42
20240606124011,-21.71
20240606125011,-21.99
20240606130011,-22.44
20240606131011,-22.78
20240606132011,-23.01
20240606133011,-23.23
20240606134011,-23.28
20240606135011,-23.37
20240606140011,-23.04
20240606141011,-22.82
20240606142011,-22.75
20240606143011,-22.71
20240606144011,-22.51
20240606145011,-22.28
20240606150011,-21.77
20240606151011,-21.68
20240606152011,-21.37
20240606153011,-21.1
20240606154011,-20.95
20240606155011,-20.55
20240606160011,-20.29
20240606161011,-19.9
20240606162011,-19.66
20240606163011,-19.18
20240606164011,-18.82
20240606165011,-18.51
20240712090011,39.6
20240712091011,7.26
20240712092011,10.17
20240712093011,14.14
20240712094011,17.27
20240712095011,18.42
20240712100011,19.52
20240712101011,20.69
20240712102011,20.56
20240712103011,20.55
20240712104011,22.31
20240712105011,27.12
20240712110011,-20.11
20240712111011,-19.67
20240712112011,-19.73
20240712113011,-19.98
20240712114011,-20.08
20240712115011,-20.34
20240712120011,-20.4
20240712121011,-20.63
20240712122011,-20.99
20240712123011,-21.42
20240712124011,-21.71
20240712125011,-21.99
20240712130011,-22.44
20240712131011,-22.78
20240712132011,-23.01
20240712133011,-23.23
20240712134011,-23.28
20240712135011,-23.37
20240712140011,-23.04
20240712141011,-22.82
20240712142011,-22.75
20240712143011,-22.71
20240712144011,-22.51
20240712145011,-22.28
20240712150011,-21.77
20240712151011,-21.68
20240712152011,-21.37
20240712153011,-21.1
20240712154011,-20.95
20240712155011,-20.55
20240712160011,-20.29
20240712161011,-19.9
20240712162011,-19.66
20240712163011,-19.18
20240712164011,-18.82
20240712165011,-18.51
20240315090012,-27.36
20240315091012,-31.2
20240315092012,-27.31
20240315093012,-23.43
20240315094012,-20.36
20240315095012,-17.93
20240315100012,-15.24
20240315101012,-11.87
20240315102012,-8.52
20240315103012,-3.07
20240315104012,2.31
20240315105012,6.49
20240315110012,-20.11
20240315111012,-19.67
20240315112012,-19.73
20240315113012,-19.98
20240315114012,-20.08
20240315115012,-20.34
20240315120012,-20.4
20240315121012,-20.63
20240315122012,-20.99
20240315123012,-21.42
20240315124012,-21.71
20240315125012,-21.99
20240315130012,-22.44
20240315131012,-22.78
20240315132012,-23.01
20240315133012,-23.23
20240315134012,-23.28
20240315135012,-23.37
20240315140012,-23.04
20240315141012,-22.82
20240315142012,-22.75
20240315143012,-22.71
20240315144012,-22.51
20240315145012,-22.28
20240315150012,-21.77
20240315151012,-21.68
20240315152012,-21.37
20240315153012,-21.1
20240315154012,-20.95
20240315155012,-20.55
20240315160012,-20.29
20240315161012,-19.9
20240315162012,-19.66
20240315163012,-19.18
20240315164012,-18.82
20240315165012,-18.51
20240317090012,-32.69
20240317091012,-34.52
20240317092012,-32.19
20240317093012,-29.51
20240317094012,-26.89
20240317095012,-21.29
20240317100012,-22.46
20240317101012,-20.05
20240317102012,-17.05
20240317103012,-14.68
20240317104012,-11.07
20240317105012,-7.88
20240317110012,-20.11
20240317111012,-19.67
20240317112012,-19.73
20240317113012,-19.98
20240317114012,-20.08
20240317115012,-20.34
20240317120012,-20.4
20240317121012,-20.63
20240317122012,-20.99
20240317123012,-21.42
20240317124012,-21.71
20240317125012,-21.99
20240317130012,-22.44
20240317131012,-22.78
20240317132012,-23.01
20240317133012,-23.23
20240317134012,-23.28
20240317135012,-23.37
20240317140012,-23.04
20240317141012,-22.82
20240317142012,-22.75
20240317143012,-22.71
20240317144012,-22.51
20240317145012,-22.28
20240317150012,-21.77
20240317151012,-21.68
20240317152012,-21.37
20240317153012,-21.1
20240317154012,-20.95
20240317155012,-20.55
20240317160012,-20.29
20240317161012,-19.9
20240317162012,-19.66
20240317163012,-19.18
20240317164012,-18.82
20240317165012,-18.51
20240412090012,-19.71
20240412091012,-19.65
20240412092012,-16.88
20240412093012,-14.42
20240412094012,-12.47
20240412095012,-10.85
20240412100012,-8.96
20240412101012,-7.47
20240412102012,-5.75
20240412103012,-4.97
20240412104012,-4.85
20240412105012,-5.46
20240412110012,-20.11
20240412111012,-19.67
20240412112012,-19.73
20240412113012,-19.98
20240412114012,-20.08
20240412115012,-20.34
20240412120012,-20.4
20240412121012,-20.63
20240412122012,-20.99
20240412123012,-21.42
20240412124012,-21.71
20240412125012,-21.99
20240412130012,-22.44
20240412131012,-22.78
20240412132012,-23.01
20240412133012,-23.23
20240412134012,-23.28
20240412135012,-23.37
20240412140012,-23.04
20240412141012,-22.82
20240412142012,-22.75
20240412143012,-22.71
20240412144012,-22.51
20240412145012,-22.28
20240412150012,-21.77
20240412151012,-21.68
20240412152012,-21.37
20240412153012,-21.1
20240412154012,-20.95
20240412155012,-20.55
20240412160012,-20.29
20240412161012,-19.9
20240412162012,-19.66
20240412163012,-19.18
20240412164012,-18.82
20240412165012,-18.51
20240426090012,-6.78
20240426091012,0.44
20240426092012,2.7
20240426093012,3.67
20240426094012,5.07
20240426095012,6.48
20240426100012,9.97
20240426101012,11.21
20240426102012,12.43
20240426103012,13.53
20240426104012,11.81
20240426105012,3.07
20240426110012,-20.11
20240426111012,-19.67
20240426112012,-19.73
20240426113012,-19.98
20240426114012,-20.08
20240426115012,-20.34
20240426120012,-20.4
20240426121012,-20.63
20240426122012,-20.99
20240426123012,-21.42
20240426124012,-21.71
20240426125012,-21.99
20240426130012,-22.44
20240426131012,-22.78
20240426132012,-23.01
20240426133012,-23.23
20240426134012,-23.28
20240426135012,-23.37
20240426140012,-23.04
20240426141012,-22.82
20240426142012,-22.75
20240426143012,-22.71
20240426144012,-22.51
20240426145012,-22.28
20240426150012,-21.77
20240426151012,-21.68
20240426152012,-21.37
20240426153012,-21.1
20240426154012,-20.95
20240426155012,-20.55
20240426160012,-20.29
20240426161012,-19.9
20240426162012,-19.66
20240426163012,-19.18
20240426164012,-18.82
20240426165012,-18.51
20240521090012,14.59
20240521091012,6.01
20240521092012,11.72
20240521093012,18.67
20240521094012,22.63
20240521095012,25.66
20240521100012,26.17
20240521101012,25.33
20240521102012,21.9
20240521103012,16.96
20240521104012,11.95
20240521105012,5.89
20240521110012,-20.11
20240521111012,-19.67
20240521112012,-19.73
20240521113012,-19.98
20240521114012,-20.08
20240521115012,-20.34
20240521120012,-20.4
20240521121012,-20.63
20240521122012,-20.99
20240521123012,-21.42
20240521124012,-21.71
20240521125012,-21.99
20240521130012,-22.44
20240521131012,-22.78
20240521132012,-23.01
20240521133012,-23.23
20240521134012,-23.28
20240521135012,-23.37
20240521140012,-23.04
20240521141012,-22.82
20240521142012,-22.75
20240521143012,-22.71
20240521144012,-22.51
20240521145012,-22.28
20240521150012,-21.77
20240521151012,-21.68
20240521152012,-21.37
20240521153012,-21.1
20240521154012,-20.95
20240521155012,-20.55
20240521160012,-20.29
20240521161012,-19.9
20240521162012,-19.66
20240521163012,-19.18
20240521164012,-18.82
20240521165012,-18.51
20240619090012,26.25
20240619091012,1.8
20240619092012,5.85
20240619093012,10.63
20240619094012,12.07
20240619095012,13.16
20240619100012,13.15
20240619101012,11.93
20240619102012,10.4
20240619103012,7.58
20240619104012,5.46
20240619105012,-0.13
20240619110012,-20.11
20240619111012,-19.67
20240619112012,-19.73
20240619113012,-19.98
20240619114012,-20.08
20240619115012,-20.34
20240619120012,-20.4
20240619121012,-20.63
20240619122012,-20.99
20240619123012,-21.42
20240619124012,-21.71
20240619125012,-21.99
20240619130012,-22.44
20240619131012,-22.78
20240619132012,-23.01
20240619133012,-23.23
20240619134012,-23.28
20240619135012,-23.37
20240619140012,-23.04
20240619141012,-22.82
20240619142012,-22.75
20240619143012,-22.71
20240619144012,-22.51
20240619145012,-22.28
20240619150012,-21.77
20240619151012,-21.68
20240619152012,-21.37
20240619153012,-21.1
20240619154012,-20.95
20240619155012,-20.55
20240619160012,-20.29
20240619161012,-19.9
20240619162012,-19.66
20240619163012,-19.18
20240619164012,-18.82
20240619165012,-18.51
20240621090012,11.87
20240621091012,-14.24
20240621092012,-13.2
20240621093012,-12.03
20240621094012,-10.48
20240621095012,-9.44
20240621100012,-9.16
20240621101012,-8.5
20240621102012,-8.42
20240621103012,-8.71
20240621104012,-9.71
20240621105012,-11.27
20240621110012,-20.11
20240621111012,-19.67
20240621112012,-19.73
20240621113012,-19.98
20240621114012,-20.08
20240621115012,-20.34
20240621120012,-20.4
20240621121012,-20.63
20240621122012,-20.99
20240621123012,-21.42
20240621124012,-21.71
20240621125012,-21.99
20240621130012,-22.44
20240621131012,-22.78
20240621132012,-23.01
20240621133012,-23.23
20240621134012,-23.28
20240621135012,-23.37
20240621140012,-23.04
20240621141012,-22.82
20240621142012,-22.75
20240621143012,-22.71
20240621144012,-22.51
20240621145012,-22.28
20240621150012,-21.77
20240621151012,-21.68
20240621152012,-21.37
20240621153012,-21.1
20240621154012,-20.95
20240621155012,-20.55
20240621160012,-20.29
20240621161012,-19.9
20240621162012,-19.66
20240621163012,-19.18
20240621164012,-18.82
20240621165012,-18.51
20240705090012,24.12
20240705091012,-11.13
20240705092012,-7.22
20240705093012,-3.21
20240705094012,-0.87
20240705095012,0.08
20240705100012,0.07
20240705101012,-1.27
20240705102012,-2.48
20240705103012,-4.32
20240705104012,-7.3
20240705105012,-10.48
20240705110012,-20.11
20240705111012,-19.67
20240705112012,-19.73
20240705113012,-19.98
20240705114012,-20.08
20240705115012,-20.34
20240705120012,-20.4
20240705121012,-20.63
20240705122012,-20.99
20240705123012,-21.42
20240705124012,-21.71
20240705125012,-21.99
20240705130012,-22.44
20240705131012,-22.78
20240705132012,-23.01
20240705133012,-23.23
20240705134012,-23.28
20240705135012,-23.37
20240705140012,-23.04
20240705141012,-22.82
20240705142012,-22.75
20240705143012,-22.71
20240705144012,-22.51
20240705145012,-22.28
20240705150012,-21.77
20240705151012,-21.68
20240705152012,-21.37
20240705153012,-21.1
20240705154012,-20.95
20240705155012,-20.55
20240705160012,-20.29
20240705161012,-19.9
20240705162012,-19.66
20240705163012,-19.18
20240705164012,-18.82
20240705165012,-18.51
20240713090012,35.73
20240713091012,-1.92
20240713092012,0.42
20240713093012,4.23
20240713094012,7.62
20240713095012,9.63
20240713100012,10.4
20240713101012,8.95
20240713102012,9.04
20240713103012,10.42
20240713104012,9.9
20240713105012,1.87
20240713110012,-20.11
20240713111012,-19.67
20240713112012,-19.73
20240713113012,-19.98
20240713114012,-20.08
20240713115012,-20.34
20240713120012,-20.4
20240713121012,-20.63
20240713122012,-20.99
20240713123012,-21.42
20240713124012,-21.71
20240713125012,-21.99
20240713130012,-22.44
20240713131012,-22.78
20240713132012,-23.01
20240713133012,-23.23
20240713134012,-23.28
20240713135012,-23.37
20240713140012,-23.04
20240713141012,-22.82
20240713142012,-22.75
20240713143012,-22.71
20240713144012,-22.51
20240713145012,-22.28
20240713150012,-21.77
20240713151012,-21.68
20240713152012,-21.37
20240713153012,-21.1
20240713154012,-20.95
20240713155012,-20.55
20240713160012,-20.29
20240713161012,-19.9
20240713162012,-19.66
20240713163012,-19.18
20240713164012,-18.82
20240713165012,-18.51
20240214090013,65.11
20240214091013,36.81
20240214092013,58.14
20240214093013,103.16
20240214094013,173.93
20240214095013,232.2
20240214100013,277.1
20240214101013,307.18
20240214102013,379.6
20240214103013,443.63
20240214104013,543.2
20240214105013,412.22
20240214110013,-20.11
20240214111013,-19.67
20240214112013,-19.73
20240214113013,-19.98
20240214114013,-20.08
20240214115013,-20.34
20240214120013,-20.4
20240214121013,-20.63
20240214122013,-20.99
20240214123013,-21.42
20240214124013,-21.71
20240214125013,-21.99
20240214130013,-22.44
20240214131013,-22.78
20240214132013,-23.01
20240214133013,-23.23
20240214134013,-23.28
20240214135013,-23.37
20240214140013,-23.04
20240214141013,-22.82
20240214142013,-22.75
20240214143013,-22.71
20240214144013,-22.51
20240214145013,-22.28
20240214150013,-21.77
20240214151013,-21.68
20240214152013,-21.37
20240214153013,-21.1
20240214154013,-20.95
20240214155013,-20.55
20240214160013,-20.29
20240214161013,-19.9
20240214162013,-19.66
20240214163013,-19.18
20240214164013,-18.82
20240214165013,-18.51
20240221090013,84.33
20240221091013,27.51
20240221092013,53.1
20240221093013,56.11
20240221094013,121.08
20240221095013,246.48
20240221100013,365.81
20240221101013,459.34
20240221102013,698.51
20240221103013,688.22
20240221104013,615.81
20240221105013,505.38
20240221110013,-20.11
20240221111013,-19.67
20240221112013,-19.73
20240221113013,-19.98
20240221114013,-20.08
20240221115013,-20.34
20240221120013,-20.4
20240221121013,-20.63
20240221122013,-20.99
20240221123013,-21.42
20240221124013,-21.71
20240221125013,-21.99
20240221130013,-22.44
20240221131013,-22.78
20240221132013,-23.01
20240221133013,-23.23
20240221134013,-23.28
20240221135013,-23.37
20240221140013,-23.04
20240221141013,-22.82
20240221142013,-22.75
20240221143013,-22.71
20240221144013,-22.51
20240221145013,-22.28
20240221150013,-21.77
20240221151013,-21.68
20240221152013,-21.37
20240221153013,-21.1
20240221154013,-20.95
20240221155013,-20.55
20240221160013,-20.29
20240221161013,-19.9
20240221162013,-19.66
20240221163013,-19.18
20240221164013,-18.82
20240221165013,-18.51
20240314090013,-42.29
20240314091013,-41.44
20240314092013,-40.76
20240314093013,-39.68
20240314094013,-38.55
20240314095013,-37.45
20240314100013,-36.41
20240314101013,-35.58
20240314102013,-34.71
20240314103013,-34.3
20240314104013,-35.01
20240314105013,-37.55
20240314110013,-20.11
20240314111013,-19.67
20240314112013,-19.73
20240314113013,-19.98
20240314114013,-20.08
20240314115013,-20.34
20240314120013,-20.4
20240314121013,-20.63
20240314122013,-20.99
20240314123013,-21.42
20240314124013,-21.71
20240314125013,-21.99
20240314130013,-22.44
20240314131013,-22.78
20240314132013,-23.01
20240314133013,-23.23
20240314134013,-23.28
20240314135013,-23.37
20240314140013,-23.04
20240314141013,-22.82
20240314142013,-22.75
20240314143013,-22.71
20240314144013,-22.51
20240314145013,-22.28
20240314150013,-21.77
20240314151013,-21.68
20240314152013,-21.37
20240314153013,-21.1
20240314154013,-20.95
20240314155013,-20.55
20240314160013,-20.29
20240314161013,-19.9
20240314162013,-19.66
20240314163013,-19.18
20240314164013,-18.82
20240314165013,-18.51
20240316090013,61.03
20240316091013,63.22
20240316092013,111.67
20240316093013,305.19
20240316094013,388.41
20240316095013,419.85
20240316100013,554.74
20240316101013,576.5
20240316102013,714.64
20240316103013,709.36
20240316104013,557.53
20240316105013,438.08
20240316110013,-20.11
20240316111013,-19.67
20240316112013,-19.73
20240316113013,-19.98
20240316114013,-20.08
20240316115013,-20.34
20240316120013,-20.4
20240316121013,-20.63
20240316122013,-20.99
20240316123013,-21.42
20240316124013,-21.71
20240316125013,-21.99
20240316130013,-22.44
20240316131013,-22.78
20240316132013,-23.01
20240316133013,-23.23
20240316134013,-23.28
20240316135013,-23.37
20240316140013,-23.04
20240316141013,-22.82
20240316142013,-22.75
20240316143013,-22.71
20240316144013,-22.51
20240316145013,-22.28
20240316150013,-21.77
20240316151013,-21.68
20240316152013,-21.37
20240316153013,-21.1
20240316154013,-20.95
20240316155013,-20.55
20240316160013,-20.29
20240316161013,-19.9
20240316162013,-19.66
20240316163013,-19.18
20240316164013,-18.82
20240316165013,-18.51
20240328090013,110.35
20240328091013,22.42
20240328092013,59.57
20240328093013,132.68
20240328094013,341.59
20240328095013,436.13
20240328100013,538.55
20240328101013,645.02
20240328102013,886.57
20240328103013,754.58
20240328104013,651.97
20240328105013,575.59
20240328110013,-20.11
20240328111013,-19.67
20240328112013,-19.73
20240328113013,-19.98
20240328114013,-20.08
20240328115013,-20.34
20240328120013,-20.4
20240328121013,-20.63
20240328122013,-20.99
20240328123013,-21.42
20240328124013,-21.71
20240328125013,-21.99
20240328130013,-22.44
20240328131013,-22.78
20240328132013,-23.01
20240328133013,-23.23
20240328134013,-23.28
20240328135013,-23.37
20240328140013,-23.04
20240328141013,-22.82
20240328142013,-22.75
20240328143013,-22.71
20240328144013,-22.51
20240328145013,-22.28
20240328150013,-21.77
20240328151013,-21.68
20240328152013,-21.37
20240328153013,-21.1
20240328154013,-20.95
20240328155013,-20.55
20240328160013,-20.29
20240328161013,-19.9
20240328162013,-19.66
20240328163013,-19.18
20240328164013,-18.82
20240328165013,-18.51
20240412090013,99.53
20240412091013,73.37
20240412092013,145.09
20240412093013,306.85
20240412094013,530.23
20240412095013,659.53
20240412100013,869.49
20240412101013,1093.14
20240412102013,948.79
20240412103013,817.1
20240412104013,632.84
20240412105013,527.92
20240412110013,-20.11
20240412111013,-19.67
20240412112013,-19.73
20240412113013,-19.98
20240412114013,-20.08
20240412115013,-20.34
20240412120013,-20.4
20240412121013,-20.63
20240412122013,-20.99
20240412123013,-21.42
20240412124013,-21.71
20240412125013,-21.99
20240412130013,-22.44
20240412131013,-22.78
20240412132013,-23.01
20240412133013,-23.23
20240412134013,-23.28
20240412135013,-23.37
20240412140013,-23.04
20240412141013,-22.82
20240412142013,-22.75
20240412143013,-22.71
20240412144013,-22.51
20240412145013,-22.28
20240412150013,-21.77
20240412151013,-21.68
20240412152013,-21.37
20240412153013,-21.1
20240412154013,-20.95
20240412155013,-20.55
20240412160013,-20.29
20240412161013,-19.9
20240412162013,-19.66
20240412163013,-19.18
20240412164013,-18.82
20240412165013,-18.51
20240619090013,199.51
20240619091013,215.03
20240619092013,617.23
20240619093013,782.71
20240619094013,383.48
20240619095013,441.08
20240619100013,769.69
20240619101013,825.31
20240619102013,930.18
20240619103013,814.07
20240619104013,695.63
20240619105013,569.21
20240619110013,-20.11
20240619111013,-19.67
20240619112013,-19.73
20240619113013,-19.98
20240619114013,-20.08
20240619115013,-20.34
20240619120013,-20.4
20240619121013,-20.63
20240619122013,-20.99
20240619123013,-21.42
20240619124013,-21.71
20240619125013,-21.99
20240619130013,-22.44
20240619131013,-22.78
20240619132013,-23.01
20240619133013,-23.23
20240619134013,-23.28
20240619135013,-23.37
20240619140013,-23.04
20240619141013,-22.82
20240619142013,-22.75
20240619143013,-22.71
20240619144013,-22.51
20240619145013,-22.28
20240619150013,-21.77
20240619151013,-21.68
20240619152013,-21.37
20240619153013,-21.1
20240619154013,-20.95
20240619155013,-20.55
20240619160013,-20.29
20240619161013,-19.9
20240619162013,-19.66
20240619163013,-19.18
20240619164013,-18.82
20240619165013,-18.51
20240225090014,-35.19
20240225091014,-37.11
20240225092014,-36.08
20240225093014,-34.81
20240225094014,-34.56
20240225095014,-34.39
20240225100014,-33.12
20240225101014,-32.8
20240225102014,-31.34
20240225103014,-30.26
20240225104014,-29.68
20240225105014,-32.09
20240225110014,-20.11
20240225111014,-19.67
20240225112014,-19.73
20240225113014,-19.98
20240225114014,-20.08
20240225115014,-20.34
20240225120014,-20.4
20240225121014,-20.63
20240225122014,-20.99
20240225123014,-21.42
20240225124014,-21.71
20240225125014,-21.99
20240225130014,-22.44
20240225131014,-22.78
20240225132014,-23.01
20240225133014,-23.23
20240225134014,-23.28
20240225135014,-23.37
20240225140014,-23.04
20240225141014,-22.82
20240225142014,-22.75
20240225143014,-22.71
20240225144014,-22.51
20240225145014,-22.28
20240225150014,-21.77
20240225151014,-21.68
20240225152014,-21.37
20240225153014,-21.1
20240225154014,-20.95
20240225155014,-20.55
20240225160014,-20.29
20240225161014,-19.9
20240225162014,-19.66
20240225163014,-19.18
20240225164014,-18.82
20240225165014,-18.51
20240227090014,61.94
20240227091014,44.38
20240227092014,35.32
20240227093014,41.4
20240227094014,48.47
20240227095014,57.66
20240227100014,64.46
20240227101014,70.25
20240227102014,72.03
20240227103014,66.58
20240227104014,55.32
20240227105014,43.84
20240227110014,-20.11
20240227111014,-19.67
20240227112014,-19.73
20240227113014,-19.98
20240227114014,-20.08
20240227115014,-20.34
20240227120014,-20.4
20240227121014,-20.63
20240227122014,-20.99
20240227123014,-21.42
20240227124014,-21.71
20240227125014,-21.99
20240227130014,-22.44
20240227131014,-22.78
20240227132014,-23.01
20240227133014,-23.23
20240227134014,-23.28
20240227135014,-23.37
20240227140014,-23.04
20240227141014,-22.82
20240227142014,-22.75
20240227143014,-22.71
20240227144014,-22.51
20240227145014,-22.28
20240227150014,-21.77
20240227151014,-21.68
20240227152014,-21.37
20240227153014,-21.1
20240227154014,-20.95
20240227155014,-20.55
20240227160014,-20.29
20240227161014,-19.9
20240227162014,-19.66
20240227163014,-19.18
20240227164014,-18.82
20240227165014,-18.51
20240327090014,27.16
20240327091014,27.07
20240327092014,46.24
20240327093014,64.01
20240327094014,82.67
20240327095014,94.91
20240327100014,107.6
20240327101014,111.28
20240327102014,112.97
20240327103014,109.37
20240327104014,108.49
20240327105014,107.08
20240327110014,-20.11
20240327111014,-19.67
20240327112014,-19.73
20240327113014,-19.98
20240327114014,-20.08
20240327115014,-20.34
20240327120014,-20.4
20240327121014,-20.63
20240327122014,-20.99
20240327123014,-21.42
20240327124014,-21.71
20240327125014,-21.99
20240327130014,-22.44
20240327131014,-22.78
20240327132014,-23.01
20240327133014,-23.23
20240327134014,-23.28
20240327135014,-23.37
20240327140014,-23.04
20240327141014,-22.82
20240327142014,-22.75
20240327143014,-22.71
20240327144014,-22.51
20240327145014,-22.28
20240327150014,-21.77
20240327151014,-21.68
20240327152014,-21.37
20240327153014,-21.1
20240327154014,-20.95
20240327155014,-20.55
20240327160014,-20.29
20240327161014,-19.9
20240327162014,-19.66
20240327163014,-19.18
20240327164014,-18.82
20240327165014,-18.51
20240417090014,203.95
20240417091014,86.29
20240417092014,129.77
20240417093014,178.23
20240417094014,242.8
20240417095014,407.33
20240417100014,787.24
20240417101014,965.09
20240417102014,1006.7
20240417103014,872.66
20240417104014,813.6
20240417105014,678.08
20240417110014,-20.11
20240417111014,-19.67
20240417112014,-19.73
20240417113014,-19.98
20240417114014,-20.08
20240417115014,-20.34
20240417120014,-20.4
20240417121014,-20.63
20240417122014,-20.99
20240417123014,-21.42
20240417124014,-21.71
20240417125014,-21.99
20240417130014,-22.44
20240417131014,-22.78
20240417132014,-23.01
20240417133014,-23.23
20240417134014,-23.28
20240417135014,-23.37
20240417140014,-23.04
20240417141014,-22.82
20240417142014,-22.75
20240417143014,-22.71
20240417144014,-22.51
20240417145014,-22.28
20240417150014,-21.77
20240417151014,-21.68
20240417152014,-21.37
20240417153014,-21.1
20240417154014,-20.95
20240417155014,-20.55
20240417160014,-20.29
20240417161014,-19.9
20240417162014,-19.66
20240417163014,-19.18
20240417164014,-18.82
20240417165014,-18.51
20240517090014,609.21
20240517091014,834.46
20240517092014,855.53
20240517093014,971.24
20240517094014,866.82
20240517095014,889.97
20240517100014,887.87
20240517101014,874.09
20240517102014,924.48
20240517103014,845.86
20240517104014,842.6
20240517105014,848.61
20240517110014,-20.11
20240517111014,-19.67
20240517112014,-19.73
20240517113014,-19.98
20240517114014,-20.08
20240517115014,-20.34
20240517120014,-20.4
20240517121014,-20.63
20240517122014,-20.99
20240517123014,-21.42
20240517124014,-21.71
20240517125014,-21.99
20240517130014,-22.44
20240517131014,-22.78
20240517132014,-23.01
20240517133014,-23.23
20240517134014,-23.28
20240517135014,-23.37
20240517140014,-23.04
20240517141014,-22.82
20240517142014,-22.75
20240517143014,-22.71
20240517144014,-22.51
20240517145014,-22.28
20240517150014,-21.77
20240517151014,-21.68
20240517152014,-21.37
20240517153014,-21.1
20240517154014,-20.95
20240517155014,-20.55
20240517160014,-20.29
20240517161014,-19.9
20240517162014,-19.66
20240517163014,-19.18
20240517164014,-18.82
20240517165014,-18.51
20240704090014,218.29
20240704091014,73.63
20240704092014,144.76
20240704093014,208.52
20240704094014,294.76
20240704095014,555.29
20240704100014,835.51
20240704101014,878.57
20240704102014,882.96
20240704103014,855.47
20240704104014,825.51
20240704105014,870.07
20240704110014,-20.11
20240704111014,-19.67
20240704112014,-19.73
20240704113014,-19.98
20240704114014,-20.08
20240704115014,-20.34
20240704120014,-20.4
20240704121014,-20.63
20240704122014,-20.99
20240704123014,-21.42
20240704124014,-21.71
20240704125014,-21.99
20240704130014,-22.44
20240704131014,-22.78
20240704132014,-23.01
20240704133014,-23.23
20240704134014,-23.28
20240704135014,-23.37
20240704140014,-23.04
20240704141014,-22.82
20240704142014,-22.75
20240704143014,-22.71
20240704144014,-22.51
20240704145014,-22.28
20240704150014,-21.77
20240704151014,-21.68
20240704152014,-21.37
20240704153014,-21.1
20240704154014,-20.95
20240704155014,-20.55
20240704160014,-20.29
20240704161014,-19.9
20240704162014,-19.66
20240704163014,-19.18
20240704164014,-18.82
20240704165014,-18.51
20240715090014,230.77
20240715091014,133.31
20240715092014,223.98
20240715093014,300.27
20240715094014,319.98
20240715095014,354.99
20240715100014,529.93
20240715101014,792.76
20240715102014,881.44
20240715103014,781.76
20240715104014,763.55
20240715105014,656.37
20240715110014,-20.11
20240715111014,-19.67
20240715112014,-19.73
20240715113014,-19.98
20240715114014,-20.08
20240715115014,-20.34
20240715120014,-20.4
20240715121014,-20.63
20240715122014,-20.99
20240715123014,-21.42
20240715124014,-21.71
20240715125014,-21.99
20240715130014,-22.44
20240715131014,-22.78
20240715132014,-23.01
20240715133014,-23.23
20240715134014,-23.28
20240715135014,-23.37
20240715140014,-23.04
20240715141014,-22.82
20240715142014,-22.75
20240715143014,-22.71
20240715144014,-22.51
20240715145014,-22.28
20240715150014,-21.77
20240715151014,-21.68
20240715152014,-21.37
20240715153014,-21.1
20240715154014,-20.95
20240715155014,-20.55
20240715160014,-20.29
20240715161014,-19.9
20240715162014,-19.66
20240715163014,-19.18
20240715164014,-18.82
20240715165014,-18.51
20240215090015,20.42
20240215091015,10.73
20240215092015,38.87
20240215093015,56.0
20240215094015,67.52
20240215095015,72.9
20240215100015,93.07
20240215101015,98.1
20240215102015,110.38
20240215103015,128.34
20240215104015,143.89
20240215105015,190.38
20240215110015,-20.11
20240215111015,-19.67
20240215112015,-19.73
20240215113015,-19.98
20240215114015,-20.08
20240215115015,-20.34
20240215120015,-20.4
20240215121015,-20.63
20240215122015,-20.99
20240215123015,-21.42
20240215124015,-21.71
20240215125015,-21.99
20240215130015,-22.44
20240215131015,-22.78
20240215132015,-23.01
20240215133015,-23.23
20240215134015,-23.28
20240215135015,-23.37
20240215140015,-23.04
20240215141015,-22.82
20240215142015,-22.75
20240215143015,-22.71
20240215144015,-22.51
20240215145015,-22.28
20240215150015,-21.77
20240215151015,-21.68
20240215152015,-21.37
20240215153015,-21.1
20240215154015,-20.95
20240215155015,-20.55
20240215160015,-20.29
20240215161015,-19.9
20240215162015,-19.66
20240215163015,-19.18
20240215164015,-18.82
20240215165015,-18.51
20240218090015,19.02
20240218091015,34.46
20240218092015,66.09
20240218093015,93.33
20240218094015,111.21
20240218095015,121.32
20240218100015,129.08
20240218101015,132.47
20240218102015,134.49
20240218103015,135.44
20240218104015,150.77
20240218105015,166.51
20240218110015,-20.11
20240218111015,-19.67
20240218112015,-19.73
20240218113015,-19.98
20240218114015,-20.08
20240218115015,-20.34
20240218120015,-20.4
20240218121015,-20.63
20240218122015,-20.99
20240218123015,-21.42
20240218124015,-21.71
20240218125015,-21.99
20240218130015,-22.44
20240218131015,-22.78
20240218132015,-23.01
20240218133015,-23.23
20240218134015,-23.28
20240218135015,-23.37
20240218140015,-23.04
20240218141015,-22.82
20240218142015,-22.75
20240218143015,-22.71
20240218144015,-22.51
20240218145015,-22.28
20240218150015,-21.77
20240218151015,-21.68
20240218152015,-21.37
20240218153015,-21.1
20240218154015,-20.95
20240218155015,-20.55
20240218160015,-20.29
20240218161015,-19.9
20240218162015,-19.66
20240218163015,-19.18
20240218164015,-18.82
20240218165015,-18.51
20240314090015,-33.83
20240314091015,-34.35
20240314092015,-30.97
20240314093015,-27.88
20240314094015,-25.92
20240314095015,-24.53
20240314100015,-23.43
20240314101015,-22.79
20240314102015,-21.59
20240314103015,-20.44
20240314104015,-17.15
20240314105015,-12.65
20240314110015,-20.11
20240314111015,-19.67
20240314112015,-19.73
20240314113015,-19.98
20240314114015,-20.08
20240314115015,-20.34
20240314120015,-20.4
20240314121015,-20.63
20240314122015,-20.99
20240314123015,-21.42
20240314124015,-21.71
20240314125015,-21.99
20240314130015,-22.44
20240314131015,-22.78
20240314132015,-23.01
20240314133015,-23.23
20240314134015,-23.28
20240314135015,-23.37
20240314140015,-23.04
20240314141015,-22.82
20240314142015,-22.75
20240314143015,-22.71
20240314144015,-22.51
20240314145015,-22.28
20240314150015,-21.77
20240314151015,-21.68
20240314152015,-21.37
20240314153015,-21.1
20240314154015,-20.95
20240314155015,-20.55
20240314160015,-20.29
20240314161015,-19.9
20240314162015,-19.66
20240314163015,-19.18
20240314164015,-18.82
20240314165015,-18.51
20240317090015,56.66
20240317091015,101.65
20240317092015,133.67
20240317093015,162.61
20240317094015,163.39
20240317095015,180.19
20240317100015,180.73
20240317101015,187.31
20240317102015,197.49
20240317103015,223.6
20240317104015,278.0
20240317105015,277.05
20240317110015,-20.11
20240317111015,-19.67
20240317112015,-19.73
20240317113015,-19.98
20240317114015,-20.08
20240317115015,-20.34
20240317120015,-20.4
20240317121015,-20.63
20240317122015,-20.99
20240317123015,-21.42
20240317124015,-21.71
20240317125015,-21.99
20240317130015,-22.44
20240317131015,-22.78
20240317132015,-23.01
20240317133015,-23.23
20240317134015,-23.28
20240317135015,-23.37
20240317140015,-23.04
20240317141015,-22.82
20240317142015,-22.75
20240317143015,-22.71
20240317144015,-22.51
20240317145015,-22.28
20240317150015,-21.77
20240317151015,-21.68
20240317152015,-21.37
20240317153015,-21.1
20240317154015,-20.95
20240317155015,-20.55
20240317160015,-20.29
20240317161015,-19.9
20240317162015,-19.66
20240317163015,-19.18
20240317164015,-18.82
20240317165015,-18.51
20240412090015,544.87
20240412091015,1102.46
20240412092015,1240.12
20240412093015,1321.33
20240412094015,1261.47
20240412095015,1197.4
20240412100015,1164.87
20240412101015,1159.0
20240412102015,1067.85
20240412103015,1072.16
20240412104015,1189.72
20240412105015,1215.17
20240412110015,-20.11
20240412111015,-19.67
20240412112015,-19.73
20240412113015,-19.98
20240412114015,-20.08
20240412115015,-20.34
20240412120015,-20.4
20240412121015,-20.63
20240412122015,-20.99
20240412123015,-21.42
20240412124015,-21.71
20240412125015,-21.99
20240412130015,-22.44
20240412131015,-22.78
20240412132015,-23.01
20240412133015,-23.23
20240412134015,-23.28
20240412135015,-23.37
20240412140015,-23.04
20240412141015,-22.82
20240412142015,-22.75
20240412143015,-22.71
20240412144015,-22.51
20240412145015,-22.28
20240412150015,-21.77
20240412151015,-21.68
20240412152015,-21.37
20240412153015,-21.1
20240412154015,-20.95
20240412155015,-20.55
20240412160015,-20.29
20240412161015,-19.9
20240412162015,-19.66
20240412163015,-19.18
20240412164015,-18.82
20240412165015,-18.51
20240518090015,425.91
20240518091015,824.36
20240518092015,831.16
20240518093015,934.21
20240518094015,1079.58
20240518095015,1131.01
20240518100015,1120.16
20240518101015,1266.8
20240518102015,1211.89
20240518103015,1229.75
20240518104015,1062.61
20240518105015,1106.23
20240518110015,-20.11
20240518111015,-19.67
20240518112015,-19.73
20240518113015,-19.98
20240518114015,-20.08
20240518115015,-20.34
20240518120015,-20.4
20240518121015,-20.63
20240518122015,-20.99
20240518123015,-21.42
20240518124015,-21.71
20240518125015,-21.99
20240518130015,-22.44
20240518131015,-22.78
20240518132015,-23.01
20240518133015,-23.23
20240518134015,-23.28
20240518135015,-23.37
20240518140015,-23.04
20240518141015,-22.82
20240518142015,-22.75
20240518143015,-22.71
20240518144015,-22.51
20240518145015,-22.28
20240518150015,-21.77
20240518151015,-21.68
20240518152015,-21.37
20240518153015,-21.1
20240518154015,-20.95
20240518155015,-20.55
20240518160015,-20.29
20240518161015,-19.9
20240518162015,-19.66
20240518163015,-19.18
20240518164015,-18.82
20240518165015,-18.51
20240530090015,1450.52
20240530091015,1533.65
20240530092015,1520.84
20240530093015,1507.93
20240530094015,1467.69
20240530095015,1386.73
20240530100015,1377.03
20240530101015,1325.29
20240530102015,1339.02
20240530103015,1334.36
20240530104015,1292.43
20240530105015,1337.37
20240530110015,-20.11
20240530111015,-19.67
20240530112015,-19.73
20240530113015,-19.98
20240530114015,-20.08
20240530115015,-20.34
20240530120015,-20.4
20240530121015,-20.63
20240530122015,-20.99
20240530123015,-21.42
20240530124015,-21.71
20240530125015,-21.99
20240530130015,-22.44
20240530131015,-22.78
20240530132015,-23.01
20240530133015,-23.23
20240530134015,-23.28
20240530135015,-23.37
20240530140015,-23.04
20240530141015,-22.82
20240530142015,-22.75
20240530143015,-22.71
20240530144015,-22.51
20240530145015,-22.28
20240530150015,-21.77
20240530151015,-21.68
20240530152015,-21.37
20240530153015,-21.1
20240530154015,-20.95
20240530155015,-20.55
20240530160015,-20.29
20240530161015,-19.9
20240530162015,-19.66
20240530163015,-19.18
20240530164015,-18.82
20240530165015,-18.51
20240605090015,267.45
20240605091015,527.1
20240605092015,543.49
20240605093015,632.53
20240605094015,712.34
20240605095015,771.81
20240605100015,771.75
20240605101015,794.05
20240605102015,756.05
20240605103015,676.56
20240605104015,623.93
20240605105015,650.12
20240605110015,-20.11
20240605111015,-19.67
20240605112015,-19.73
20240605113015,-19.98
20240605114015,-20.08
20240605115015,-20.34
20240605120015,-20.4
20240605121015,-20.63
20240605122015,-20.99
20240605123015,-21.42
20240605124015,-21.71
20240605125015,-21.99
20240605130015,-22.44
20240605131015,-22.78
20240605132015,-23.01
20240605133015,-23.23
20240605134015,-23.28
20240605135015,-23.37
20240605140015,-23.04
20240605141015,-22.82
20240605142015,-22.75
20240605143015,-22.71
20240605144015,-22.51
20240605145015,-22.28
20240605150015,-21.77
20240605151015,-21.68
20240605152015,-21.37
20240605153015,-21.1
20240605154015,-20.95
20240605155015,-20.55
20240605160015,-20.29
20240605161015,-19.9
20240605162015,-19.66
20240605163015,-19.18
20240605164015,-18.82
20240605165015,-18.51
20240704090015,702.26
20240704091015,1439.87
20240704092015,1222.7
20240704093015,1077.06
20240704094015,1065.9
20240704095015,1035.51
20240704100015,1068.7
20240704101015,1102.41
20240704102015,1176.51
20240704103015,1328.08
20240704104015,1334.91
20240704105015,1453.05
20240704110015,-20.11
20240704111015,-19.67
20240704112015,-19.73
20240704113015,-19.98
20240704114015,-20.08
20240704115015,-20.34
20240704120015,-20.4
20240704121015,-20.63
20240704122015,-20.99
20240704123015,-21.42
20240704124015,-21.71
20240704125015,-21.99
20240704130015,-22.44
20240704131015,-22.78
20240704132015,-23.01
20240704133015,-23.23
20240704134015,-23.28
20240704135015,-23.37
20240704140015,-23.04
20240704141015,-22.82
20240704142015,-22.75
20240704143015,-22.71
20240704144015,-22.51
20240704145015,-22.28
20240704150015,-21.77
20240704151015,-21.68
20240704152015,-21.37
20240704153015,-21.1
20240704154015,-20.95
20240704155015,-20.55
20240704160015,-20.29
20240704161015,-19.9
20240704162015,-19.66
20240704163015,-19.18
20240704164015,-18.82
20240704165015,-18.51
20240316090016,192.25
20240316091016,387.39
20240316092016,588.41
20240316093016,796.97
20240316094016,933.19
20240316095016,975.69
20240316100016,1036.47
20240316101016,1061.24
20240316102016,795.11
20240316103016,742.07
20240316104016,682.0
20240316105016,636.53
20240316110016,-20.11
20240316111016,-19.67
20240316112016,-19.73
20240316113016,-19.98
20240316114016,-20.08
20240316115016,-20.34
20240316120016,-20.4
20240316121016,-20.63
20240316122016,-20.99
20240316123016,-21.42
20240316124016,-21.71
20240316125016,-21.99
20240316130016,-22.44
20240316131016,-22.78
20240316132016,-23.01
20240316133016,-23.23
20240316134016,-23.28
20240316135016,-23.37
20240316140016,-23.04
20240316141016,-22.82
20240316142016,-22.75
20240316143016,-22.71
20240316144016,-22.51
20240316145016,-22.28
20240316150016,-21.77
20240316151016,-21.68
20240316152016,-21.37
20240316153016,-21.1
20240316154016,-20.95
20240316155016,-20.55
20240316160016,-20.29
20240316161016,-19.9
20240316162016,-19.66
20240316163016,-19.18
20240316164016,-18.82
20240316165016,-18.51
20240322090016,400.78
20240322091016,420.78
20240322092016,472.49
20240322093016,588.22
20240322094016,606.24
20240322095016,693.57
20240322100016,724.59
20240322101016,792.73
20240322102016,730.1
20240322103016,692.75
20240322104016,635.98
20240322105016,540.81
20240322110016,-20.11
20240322111016,-19.67
20240322112016,-19.73
20240322113016,-19.98
20240322114016,-20.08
20240322115016,-20.34
20240322120016,-20.4
20240322121016,-20.63
20240322122016,-20.99
20240322123016,-21.42
20240322124016,-21.71
20240322125016,-21.99
20240322130016,-22.44
20240322131016,-22.78
20240322132016,-23.01
20240322133016,-23.23
20240322134016,-23.28
20240322135016,-23.37
20240322140016,-23.04
20240322141016,-22.82
20240322142016,-22.75
20240322143016,-22.71
20240322144016,-22.51
20240322145016,-22.28
20240322150016,-21.77
20240322151016,-21.68
20240322152016,-21.37
20240322153016,-21.1
20240322154016,-20.95
20240322155016,-20.55
20240322160016,-20.29
20240322161016,-19.9
20240322162016,-19.66
20240322163016,-19.18
20240322164016,-18.82
20240322165016,-18.51
20240414090016,792.99
20240414091016,1311.19
20240414092016,1398.85
20240414093016,1366.07
20240414094016,1236.68
20240414095016,1239.93
20240414100016,1253.19
20240414101016,1286.58
20240414102016,1294.66
20240414103016,1310.06
20240414104016,1283.85
20240414105016,1251.37
20240414110016,-20.11
20240414111016,-19.67
20240414112016,-19.73
20240414113016,-19.98
20240414114016,-20.08
20240414115016,-20.34
20240414120016,-20.4
20240414121016,-20.63
20240414122016,-20.99
20240414123016,-21.42
20240414124016,-21.71
20240414125016,-21.99
20240414130016,-22.44
20240414131016,-22.78
20240414132016,-23.01
20240414133016,-23.23
20240414134016,-23.28
20240414135016,-23.37
20240414140016,-23.04
20240414141016,-22.82
20240414142016,-22.75
20240414143016,-22.71
20240414144016,-22.51
20240414145016,-22.28
20240414150016,-21.77
20240414151016,-21.68
20240414152016,-21.37
20240414153016,-21.1
20240414154016,-20.95
20240414155016,-20.55
20240414160016,-20.29
20240414161016,-19.9
20240414162016,-19.66
20240414163016,-19.18
20240414164016,-18.82
20240414165016,-18.51
20240422090016,367.63
20240422091016,803.07
20240422092016,981.44
20240422093016,1054.71
20240422094016,1009.15
20240422095016,1169.6
20240422100016,1210.48
20240422101016,1229.53
20240422102016,1159.51
20240422103016,1097.25
20240422104016,1177.85
20240422105016,1269.61
20240422110016,-20.11
20240422111016,-19.67
20240422112016,-19.73
20240422113016,-19.98
20240422114016,-20.08
20240422115016,-20.34
20240422120016,-20.4
20240422121016,-20.63
20240422122016,-20.99
20240422123016,-21.42
20240422124016,-21.71
20240422125016,-21.99
20240422130016,-22.44
20240422131016,-22.78
20240422132016,-23.01
20240422133016,-23.23
20240422134016,-23.28
20240422135016,-23.37
20240422140016,-23.04
20240422141016,-22.82
20240422142016,-22.75
20240422143016,-22.71
20240422144016,-22.51
20240422145016,-22.28
20240422150016,-21.77
20240422151016,-21.68
20240422152016,-21.37
20240422153016,-21.1
20240422154016,-20.95
20240422155016,-20.55
20240422160016,-20.29
20240422161016,-19.9
20240422162016,-19.66
20240422163016,-19.18
20240422164016,-18.82
20240422165016,-18.51
20240513090016,-16.38
20240513091016,-21.17
20240513092016,-17.62
20240513093016,-16.11
20240513094016,-15.64
20240513095016,-15.35
20240513100016,-1.3
20240513101016,-16.69
20240513102016,-17.27
20240513103016,-18.47
20240513104016,-19.89
20240513105016,-21.83
20240513110016,-20.11
20240513111016,-19.67
20240513112016,-19.73
20240513113016,-19.98
20240513114016,-20.08
20240513115016,-20.34
20240513120016,-20.4
20240513121016,-20.63
20240513122016,-20.99
20240513123016,-21.42
20240513124016,-21.71
20240513125016,-21.99
20240513130016,-22.44
20240513131016,-22.78
20240513132016,-23.01
20240513133016,-23.23
20240513134016,-23.28
20240513135016,-23.37
20240513140016,-23.04
20240513141016,-22.82
20240513142016,-22.75
20240513143016,-22.71
20240513144016,-22.51
20240513145016,-22.28
20240513150016,-21.77
20240513151016,-21.68
20240513152016,-21.37
20240513153016,-21.1
20240513154016,-20.95
20240513155016,-20.55
20240513160016,-20.29
20240513161016,-19.9
20240513162016,-19.66
20240513163016,-19.18
20240513164016,-18.82
20240513165016,-18.51
20240517090016,935.78
20240517091016,1464.18
20240517092016,1385.49
20240517093016,1379.84
20240517094016,1402.38
20240517095016,1398.85
20240517100016,1390.62
20240517101016,1391.46
20240517102016,1400.52
20240517103016,1400.99
20240517104016,1407.09
20240517105016,1545.77
20240517110016,-20.11
20240517111016,-19.67
20240517112016,-19.73
20240517113016,-19.98
20240517114016,-20.08
20240517115016,-20.34
20240517120016,-20.4
20240517121016,-20.63
20240517122016,-20.99
20240517123016,-21.42
20240517124016,-21.71
20240517125016,-21.99
20240517130016,-22.44
20240517131016,-22.78
20240517132016,-23.01
20240517133016,-23.23
20240517134016,-23.28
20240517135016,-23.37
20240517140016,-23.04
20240517141016,-22.82
20240517142016,-22.75
20240517143016,-22.71
20240517144016,-22.51
20240517145016,-22.28
20240517150016,-21.77
20240517151016,-21.68
20240517152016,-21.37
20240517153016,-21.1
20240517154016,-20.95
20240517155016,-20.55
20240517160016,-20.29
20240517161016,-19.9
20240517162016,-19.66
20240517163016,-19.18
20240517164016,-18.82
20240517165016,-18.51
20240519090016,50.47
20240519091016,35.88
20240519092016,60.97
20240519093016,94.11
20240519094016,120.12
20240519095016,152.45
20240519100016,158.85
20240519101016,156.09
20240519102016,129.79
20240519103016,115.48
20240519104016,107.81
20240519105016,87.37
20240519110016,-20.11
20240519111016,-19.67
20240519112016,-19.73
20240519113016,-19.98
20240519114016,-20.08
20240519115016,-20.34
20240519120016,-20.4
20240519121016,-20.63
20240519122016,-20.99
20240519123016,-21.42
20240519124016,-21.71
20240519125016,-21.99
20240519130016,-22.44
20240519131016,-22.78
20240519132016,-23.01
20240519133016,-23.23
20240519134016,-23.28
20240519135016,-23.37
20240519140016,-23.04
20240519141016,-22.82
20240519142016,-22.75
20240519143016,-22.71
20240519144016,-22.51
20240519145016,-22.28
20240519150016,-21.77
20240519151016,-21.68
20240519152016,-21.37
20240519153016,-21.1
20240519154016,-20.95
20240519155016,-20.55
20240519160016,-20.29
20240519161016,-19.9
20240519162016,-19.66
20240519163016,-19.18
20240519164016,-18.82
20240519165016,-18.51
20240608090016,1089.3
20240608091016,1242.04
20240608092016,1234.55
20240608093016,1256.42
20240608094016,1231.55
20240608095016,1244.37
20240608100016,1148.24
20240608101016,1257.01
20240608102016,1285.19
20240608103016,1223.26
20240608104016,1213.28
20240608105016,1283.08
20240608110016,-20.11
20240608111016,-19.67
20240608112016,-19.73
20240608113016,-19.98
20240608114016,-20.08
20240608115016,-20.34
20240608120016,-20.4
20240608121016,-20.63
20240608122016,-20.99
20240608123016,-21.42
20240608124016,-21.71
20240608125016,-21.99
20240608130016,-22.44
20240608131016,-22.78
20240608132016,-23.01
20240608133016,-23.23
20240608134016,-23.28
20240608135016,-23.37
20240608140016,-23.04
20240608141016,-22.82
20240608142016,-22.75
20240608143016,-22.71
20240608144016,-22.51
20240608145016,-22.28
20240608150016,-21.77
20240608151016,-21.68
20240608152016,-21.37
20240608153016,-21.1
20240608154016,-20.95
20240608155016,-20.55
20240608160016,-20.29
20240608161016,-19.9
20240608162016,-19.66
20240608163016,-19.18
20240608164016,-18.82
20240608165016,-18.51
20240629090016,1226.91
20240629091016,1557.36
20240629092016,1493.78
20240629093016,1525.54
20240629094016,1561.84
20240629095016,1597.21
20240629100016,1586.46
20240629101016,1564.59
20240629102016,1575.07
20240629103016,1588.81
20240629104016,1571.12
20240629105016,1555.5
20240629110016,-20.11
20240629111016,-19.67
20240629112016,-19.73
20240629113016,-19.98
20240629114016,-20.08
20240629115016,-20.34
20240629120016,-20.4
20240629121016,-20.63
20240629122016,-20.99
20240629123016,-21.42
20240629124016,-21.71
20240629125016,-21.99
20240629130016,-22.44
20240629131016,-22.78
20240629132016,-23.01
20240629133016,-23.23
20240629134016,-23.28
20240629135016,-23.37
20240629140016,-23.04
20240629141016,-22.82
20240629142016,-22.75
20240629143016,-22.71
20240629144016,-22.51
20240629145016,-22.28
20240629150016,-21.77
20240629151016,-21.68
20240629152016,-21.37
20240629153016,-21.1
20240629154016,-20.95
20240629155016,-20.55
20240629160016,-20.29
20240629161016,-19.9
20240629162016,-19.66
20240629163016,-19.18
20240629164016,-18.82
20240629165016,-18.51
20240123090017,-2.48
20240123091017,5.83
20240123092017,6.98
20240123093017,7.43
20240123094017,9.11
20240123095017,9.57
20240123100017,8.62
20240123101017,7.19
20240123102017,6.88
20240123103017,8.61
20240123104017,13.38
20240123105017,18.11
20240123110017,-20.11
20240123111017,-19.67
20240123112017,-19.73
20240123113017,-19.98
20240123114017,-20.08
20240123115017,-20.34
20240123120017,-20.4
20240123121017,-20.63
20240123122017,-20.99
20240123123017,-21.42
20240123124017,-21.71
20240123125017,-21.99
20240123130017,-22.44
20240123131017,-22.78
20240123132017,-23.01
20240123133017,-23.23
20240123134017,-23.28
20240123135017,-23.37
20240123140017,-23.04
20240123141017,-22.82
20240123142017,-22.75
20240123143017,-22.71
20240123144017,-22.51
20240123145017,-22.28
20240123150017,-21.77
20240123151017,-21.68
20240123152017,-21.37
20240123153017,-21.1
20240123154017,-20.95
20240123155017,-20.55
20240123160017,-20.29
20240123161017,-19.9
20240123162017,-19.66
20240123163017,-19.18
20240123164017,-18.82
20240123165017,-18.51
20240129090017,-37.8
20240129091017,-34.3
20240129092017,-31.06
20240129093017,-28.06
20240129094017,-24.56
20240129095017,-21.03
20240129100017,-17.79
20240129101017,-15.9
20240129102017,-15.2
20240129103017,-15.14
20240129104017,-16.07
20240129105017,-21.03
20240129110017,-20.11
20240129111017,-19.67
20240129112017,-19.73
20240129113017,-19.98
20240129114017,-20.08
20240129115017,-20.34
20240129120017,-20.4
20240129121017,-20.63
20240129122017,-20.99
20240129123017,-21.42
20240129124017,-21.71
20240129125017,-21.99
20240129130017,-22.44
20240129131017,-22.78
20240129132017,-23.01
20240129133017,-23.23
20240129134017,-23.28
20240129135017,-23.37
20240129140017,-23.04
20240129141017,-22.82
20240129142017,-22.75
20240129143017,-22.71
20240129144017,-22.51
20240129145017,-22.28
20240129150017,-21.77
20240129151017,-21.68
20240129152017,-21.37
20240129153017,-21.1
20240129154017,-20.95
20240129155017,-20.55
20240129160017,-20.29
20240129161017,-19.9
20240129162017,-19.66
20240129163017,-19.18
20240129164017,-18.82
20240129165017,-18.51
20240215090017,554.5
20240215091017,581.75
20240215092017,841.6
20240215093017,1028.31
20240215094017,1072.12
20240215095017,1086.88
20240215100017,1169.35
20240215101017,1117.68
20240215102017,1030.53
20240215103017,1042.9
20240215104017,990.36
20240215105017,725.07
20240215110017,-20.11
20240215111017,-19.67
20240215112017,-19.73
20240215113017,-19.98
20240215114017,-20.08
20240215115017,-20.34
20240215120017,-20.4
20240215121017,-20.63
20240215122017,-20.99
20240215123017,-21.42
20240215124017,-21.71
20240215125017,-21.99
20240215130017,-22.44
20240215131017,-22.78
20240215132017,-23.01
20240215133017,-23.23
20240215134017,-23.28
20240215135017,-23.37
20240215140017,-23.04
20240215141017,-22.82
20240215142017,-22.75
20240215143017,-22.71
20240215144017,-22.51
20240215145017,-22.28
20240215150017,-21.77
20240215151017,-21.68
20240215152017,-21.37
20240215153017,-21.1
20240215154017,-20.95
20240215155017,-20.55
20240215160017,-20.29
20240215161017,-19.9
20240215162017,-19.66
20240215163017,-19.18
20240215164017,-18.82
20240215165017,-18.51
20240218090017,10.4
20240218091017,14.81
20240218092017,41.99
20240218093017,65.92
20240218094017,82.28
20240218095017,93.25
20240218100017,93.95
20240218101017,108.7
20240218102017,116.51
20240218103017,120.28
20240218104017,117.57
20240218105017,116.1
20240218110017,-20.11
20240218111017,-19.67
20240218112017,-19.73
20240218113017,-19.98
20240218114017,-20.08
20240218115017,-20.34
20240218120017,-20.4
20240218121017,-20.63
20240218122017,-20.99
20240218123017,-21.42
20240218124017,-21.71
20240218125017,-21.99
20240218130017,-22.44
20240218131017,-22.78
20240218132017,-23.01
20240218133017,-23.23
20240218134017,-23.28
20240218135017,-23.37
20240218140017,-23.04
20240218141017,-22.82
20240218142017,-22.75
20240218143017,-22.71
20240218144017,-22.51
20240218145017,-22.28
20240218150017,-21.77
20240218151017,-21.68
20240218152017,-21.37
20240218153017,-21.1
20240218154017,-20.95
20240218155017,-20.55
20240218160017,-20.29
20240218161017,-19.9
20240218162017,-19.66
20240218163017,-19.18
20240218164017,-18.82
20240218165017,-18.51
20240305090017,1243.66
20240305091017,1264.14
20240305092017,1246.57
20240305093017,1133.72
20240305094017,1147.53
20240305095017,1191.81
20240305100017,1183.6
20240305101017,1081.38
20240305102017,1067.95
20240305103017,1177.0
20240305104017,1233.64
20240305105017,1236.28
20240305110017,-20.11
20240305111017,-19.67
20240305112017,-19.73
20240305113017,-19.98
20240305114017,-20.08
20240305115017,-20.34
20240305120017,-20.4
20240305121017,-20.63
20240305122017,-20.99
20240305123017,-21.42
20240305124017,-21.71
20240305125017,-21.99
20240305130017,-22.44
20240305131017,-22.78
20240305132017,-23.01
20240305133017,-23.23
20240305134017,-23.28
20240305135017,-23.37
20240305140017,-23.04
20240305141017,-22.82
20240305142017,-22.75
20240305143017,-22.71
20240305144017,-22.51
20240305145017,-22.28
20240305150017,-21.77
20240305151017,-21.68
20240305152017,-21.37
20240305153017,-21.1
20240305154017,-20.95
20240305155017,-20.55
20240305160017,-20.29
20240305161017,-19.9
20240305162017,-19.66
20240305163017,-19.18
20240305164017,-18.82
20240305165017,-18.51
20240309090017,18.43
20240309091017,11.75
20240309092017,23.1
20240309093017,31.62
20240309094017,38.13
20240309095017,40.58
20240309100017,47.4
20240309101017,55.05
20240309102017,63.57
20240309103017,70.26
20240309104017,78.76
20240309105017,78.59
20240309110017,-20.11
20240309111017,-19.67
20240309112017,-19.73
20240309113017,-19.98
20240309114017,-20.08
20240309115017,-20.34
20240309120017,-20.4
20240309121017,-20.63
20240309122017,-20.99
20240309123017,-21.42
20240309124017,-21.71
20240309125017,-21.99
20240309130017,-22.44
20240309131017,-22.78
20240309132017,-23.01
20240309133017,-23.23
20240309134017,-23.28
20240309135017,-23.37
20240309140017,-23.04
20240309141017,-22.82
20240309142017,-22.75
20240309143017,-22.71
20240309144017,-22.51
20240309145017,-22.28
20240309150017,-21.77
20240309151017,-21.68
20240309152017,-21.37
20240309153017,-21.1
20240309154017,-20.95
20240309155017,-20.55
20240309160017,-20.29
20240309161017,-19.9
20240309162017,-19.66
20240309163017,-19.18
20240309164017,-18.82
20240309165017,-18.51
20240311090017,1.1
20240311091017,6.49
20240311092017,21.96
20240311093017,36.77
20240311094017,48.08
20240311095017,57.47
20240311100017,65.34
20240311101017,71.82
20240311102017,79.33
20240311103017,89.16
20240311104017,86.61
20240311105017,83.54
20240311110017,-20.11
20240311111017,-19.67
20240311112017,-19.73
20240311113017,-19.98
20240311114017,-20.08
20240311115017,-20.34
20240311120017,-20.4
20240311121017,-20.63
20240311122017,-20.99
20240311123017,-21.42
20240311124017,-21.71
20240311125017,-21.99
20240311130017,-22.44
20240311131017,-22.78
20240311132017,-23.01
20240311133017,-23.23
20240311134017,-23.28
20240311135017,-23.37
20240311140017,-23.04
20240311141017,-22.82
20240311142017,-22.75
20240311143017,-22.71
20240311144017,-22.51
20240311145017,-22.28
20240311150017,-21.77
20240311151017,-21.68
20240311152017,-21.37
20240311153017,-21.1
20240311154017,-20.95
20240311155017,-20.55
20240311160017,-20.29
20240311161017,-19.9
20240311162017,-19.66
20240311163017,-19.18
20240311164017,-18.82
20240311165017,-18.51
20240403090017,910.18
20240403091017,1342.25
20240403092017,1364.63
20240403093017,1320.59
20240403094017,1150.67
20240403095017,1079.38
20240403100017,1060.13
20240403101017,1083.23
20240403102017,1187.08
20240403103017,1177.7
20240403104017,1262.72
20240403105017,1306.46
20240403110017,-20.11
20240403111017,-19.67
20240403112017,-19.73
20240403113017,-19.98
20240403114017,-20.08
20240403115017,-20.34
20240403120017,-20.4
20240403121017,-20.63
20240403122017,-20.99
20240403123017,-21.42
20240403124017,-21.71
20240403125017,-21.99
20240403130017,-22.44
20240403131017,-22.78
20240403132017,-23.01
20240403133017,-23.23
20240403134017,-23.28
20240403135017,-23.37
20240403140017,-23.04
20240403141017,-22.82
20240403142017,-22.75
20240403143017,-22.71
20240403144017,-22.51
20240403145017,-22.28
20240403150017,-21.77
20240403151017,-21.68
20240403152017,-21.37
20240403153017,-21.1
20240403154017,-20.95
20240403155017,-20.55
20240403160017,-20.29
20240403161017,-19.9
20240403162017,-19.66
20240403163017,-19.18
20240403164017,-18.82
20240403165017,-18.51
20240507090017,379.23
20240507091017,1078.63
20240507092017,1227.76
20240507093017,1289.19
20240507094017,1212.26
20240507095017,1223.68
20240507100017,1185.97
20240507101017,1210.73
20240507102017,1188.88
20240507103017,1223.42
20240507104017,1220.07
20240507105017,1366.97
20240507110017,-20.11
20240507111017,-19.67
20240507112017,-19.73
20240507113017,-19.98
20240507114017,-20.08
20240507115017,-20.34
20240507120017,-20.4
20240507121017,-20.63
20240507122017,-20.99
20240507123017,-21.42
20240507124017,-21.71
20240507125017,-21.99
20240507130017,-22.44
20240507131017,-22.78
20240507132017,-23.01
20240507133017,-23.23
20240507134017,-23.28
20240507135017,-23.37
20240507140017,-23.04
20240507141017,-22.82
20240507142017,-22.75
20240507143017,-22.71
20240507144017,-22.51
20240507145017,-22.28
20240507150017,-21.77
20240507151017,-21.68
20240507152017,-21.37
20240507153017,-21.1
20240507154017,-20.95
20240507155017,-20.55
20240507160017,-20.29
20240507161017,-19.9
20240507162017,-19.66
20240507163017,-19.18
20240507164017,-18.82
20240507165017,-18.51
20240528090017,-2.7
20240528091017,-17.1
20240528092017,-19.61
20240528093017,-20.32
20240528094017,-20.77
20240528095017,-21.3
20240528100017,-21.39
20240528101017,-21.4
20240528102017,-21.03
20240528103017,-20.74
20240528104017,-21.11
20240528105017,-22.0
20240528110017,-20.11
20240528111017,-19.67
20240528112017,-19.73
20240528113017,-19.98
20240528114017,-20.08
20240528115017,-20.34
20240528120017,-20.4
20240528121017,-20.63
20240528122017,-20.99
20240528123017,-21.42
20240528124017,-21.71
20240528125017,-21.99
20240528130017,-22.44
20240528131017,-22.78
20240528132017,-23.01
20240528133017,-23.23
20240528134017,-23.28
20240528135017,-23.37
20240528140017,-23.04
20240528141017,-22.82
20240528142017,-22.75
20240528143017,-22.71
20240528144017,-22.51
20240528145017,-22.28
20240528150017,-21.77
20240528151017,-21.68
20240528152017,-21.37
20240528153017,-21.1
20240528154017,-20.95
20240528155017,-20.55
20240528160017,-20.29
20240528161017,-19.9
20240528162017,-19.66
20240528163017,-19.18
20240528164017,-18.82
20240528165017,-18.51
20240614090017,14.73
20240614091017,-0.74
20240614092017,1.66
20240614093017,4.96
20240614094017,8.98
20240614095017,11.26
20240614100017,13.9
20240614101017,14.88
20240614102017,16.44
20240614103017,13.76
20240614104017,13.6
20240614105017,10.66
20240614110017,-20.11
20240614111017,-19.67
20240614112017,-19.73
20240614113017,-19.98
20240614114017,-20.08
20240614115017,-20.34
20240614120017,-20.4
20240614121017,-20.63
20240614122017,-20.99
20240614123017,-21.42
20240614124017,-21.71
20240614125017,-21.99
20240614130017,-22.44
20240614131017,-22.78
20240614132017,-23.01
20240614133017,-23.23
20240614134017,-23.28
20240614135017,-23.37
20240614140017,-23.04
20240614141017,-22.82
20240614142017,-22.75
20240614143017,-22.71
20240614144017,-22.51
20240614145017,-22.28
20240614150017,-21.77
20240614151017,-21.68
20240614152017,-21.37
20240614153017,-21.1
20240614154017,-20.95
20240614155017,-20.55
20240614160017,-20.29
20240614161017,-19.9
20240614162017,-19.66
20240614163017,-19.18
20240614164017,-18.82
20240614165017,-18.51
20240619090017,280.56
20240619091017,1000.35
20240619092017,1128.5
20240619093017,1012.98
20240619094017,1019.86
20240619095017,901.93
20240619100017,859.84
20240619101017,952.73
20240619102017,911.73
20240619103017,795.19
20240619104017,668.04
20240619105017,596.78
20240619110017,-20.11
20240619111017,-19.67
20240619112017,-19.73
20240619113017,-19.98
20240619114017,-20.08
20240619115017,-20.34
20240619120017,-20.4
20240619121017,-20.63
20240619122017,-20.99
20240619123017,-21.42
20240619124017,-21.71
20240619125017,-21.99
20240619130017,-22.44
20240619131017,-22.78
20240619132017,-23.01
20240619133017,-23.23
20240619134017,-23.28
20240619135017,-23.37
20240619140017,-23.04
20240619141017,-22.82
20240619142017,-22.75
20240619143017,-22.71
20240619144017,-22.51
20240619145017,-22.28
20240619150017,-21.77
20240619151017,-21.68
20240619152017,-21.37
20240619153017,-21.1
20240619154017,-20.95
20240619155017,-20.55
20240619160017,-20.29
20240619161017,-19.9
20240619162017,-19.66
20240619163017,-19.18
20240619164017,-18.82
20240619165017,-18.51
20240627090017,352.17
20240627091017,1378.92
20240627092017,1279.81
20240627093017,1249.92
20240627094017,1104.53
20240627095017,1109.96
20240627100017,1026.73
20240627101017,1110.82
20240627102017,1180.98
20240627103017,1196.71
20240627104017,1221.82
20240627105017,1223.21
20240627110017,-20.11
20240627111017,-19.67
20240627112017,-19.73
20240627113017,-19.98
20240627114017,-20.08
20240627115017,-20.34
20240627120017,-20.4
20240627121017,-20.63
20240627122017,-20.99
20240627123017,-21.42
20240627124017,-21.71
20240627125017,-21.99
20240627130017,-22.44
20240627131017,-22.78
20240627132017,-23.01
20240627133017,-23.23
20240627134017,-23.28
20240627135017,-23.37
20240627140017,-23.04
20240627141017,-22.82
20240627142017,-22.75
20240627143017,-22.71
20240627144017,-22.51
20240627145017,-22.28
20240627150017,-21.77
20240627151017,-21.68
20240627152017,-21.37
20240627153017,-21.1
20240627154017,-20.95
20240627155017,-20.55
20240627160017,-20.29
20240627161017,-19.9
20240627162017,-19.66
20240627163017,-19.18
20240627164017,-18.82
20240627165017,-18.51
20240629090017,411.94
20240629091017,1197.22
20240629092017,1221.52
20240629093017,1067.6
20240629094017,1024.14
20240629095017,981.17
20240629100017,965.65
20240629101017,974.68
20240629102017,1042.82
20240629103017,1151.72
20240629104017,1183.31
20240629105017,1233.87
20240629110017,-20.11
20240629111017,-19.67
20240629112017,-19.73
20240629113017,-19.98
20240629114017,-20.08
20240629115017,-20.34
20240629120017,-20.4
20240629121017,-20.63
20240629122017,-20.99
20240629123017,-21.42
20240629124017,-21.71
20240629125017,-21.99
20240629130017,-22.44
20240629131017,-22.78
20240629132017,-23.01
20240629133017,-23.23
20240629134017,-23.28
20240629135017,-23.37
20240629140017,-23.04
20240629141017,-22.82
20240629142017,-22.75
20240629143017,-22.71
20240629144017,-22.51
20240629145017,-22.28
20240629150017,-21.77
20240629151017,-21.68
20240629152017,-21.37
20240629153017,-21.1
20240629154017,-20.95
20240629155017,-20.55
20240629160017,-20.29
20240629161017,-19.9
20240629162017,-19.66
20240629163017,-19.18
20240629164017,-18.82
20240629165017,-18.51
20240704090017,416.92
20240704091017,1344.36
20240704092017,1355.31
20240704093017,1234.29
20240704094017,1051.67
20240704095017,1103.78
20240704100017,1043.65
20240704101017,1172.96
20240704102017,1172.97
20240704103017,1255.6
20240704104017,1225.0
20240704105017,1246.45
20240704110017,-20.11
20240704111017,-19.67
20240704112017,-19.73
20240704113017,-19.98
20240704114017,-20.08
20240704115017,-20.34
20240704120017,-20.4
20240704121017,-20.63
20240704122017,-20.99
20240704123017,-21.42
20240704124017,-21.71
20240704125017,-21.99
20240704130017,-22.44
20240704131017,-22.78
20240704132017,-23.01
20240704133017,-23.23
20240704134017,-23.28
20240704135017,-23.37
20240704140017,-23.04
20240704141017,-22.82
20240704142017,-22.75
20240704143017,-22.71
20240704144017,-22.51
20240704145017,-22.28
20240704150017,-21.77
20240704151017,-21.68
20240704152017,-21.37
20240704153017,-21.1
20240704154017,-20.95
20240704155017,-20.55
20240704160017,-20.29
20240704161017,-19.9
20240704162017,-19.66
20240704163017,-19.18
20240704164017,-18.82
20240704165017,-18.51
20240706090017,508.28
20240706091017,1325.4
20240706092017,1229.51
20240706093017,1160.5
20240706094017,1070.76
20240706095017,967.84
20240706100017,977.6
20240706101017,1031.71
20240706102017,1108.15
20240706103017,1208.89
20240706104017,1172.15
20240706105017,1216.38
20240706110017,-20.11
20240706111017,-19.67
20240706112017,-19.73
20240706113017,-19.98
20240706114017,-20.08
20240706115017,-20.34
20240706120017,-20.4
20240706121017,-20.63
20240706122017,-20.99
20240706123017,-21.42
20240706124017,-21.71
20240706125017,-21.99
20240706130017,-22.44
20240706131017,-22.78
20240706132017,-23.01
20240706133017,-23.23
20240706134017,-23.28
20240706135017,-23.37
20240706140017,-23.04
20240706141017,-22.82
20240706142017,-22.75
20240706143017,-22.71
20240706144017,-22.51
20240706145017,-22.28
20240706150017,-21.77
20240706151017,-21.68
20240706152017,-21.37
20240706153017,-21.1
20240706154017,-20.95
20240706155017,-20.55
20240706160017,-20.29
20240706161017,-19.9
20240706162017,-19.66
20240706163017,-19.18
20240706164017,-18.82
20240706165017,-18.51
20240328090008,56.42
20240328091008,-8.89
20240328092008,-9.2
20240328093008,-7.56
20240328094008,-6.96
20240328095008,-5.1
20240328100008,-1.0
20240328101008,2.33
20240328102008,8.59
20240328103008,14.49
20240328104008,23.75
20240328105008,26.34
20240328110008,-20.11
20240328111008,-19.67
20240328112008,-19.73
20240328113008,-19.98
20240328114008,-20.08
20240328115008,-20.34
20240328120008,-20.4
20240328121008,-20.63
20240328122008,-20.99
20240328123008,-21.42
20240328124008,-21.71
20240328125008,-21.99
20240328130008,-22.44
20240328131008,-22.78
20240328132008,-23.01
20240328133008,-23.23
20240328134008,-23.28
20240328135008,-23.37
20240328140008,-23.04
20240328141008,-22.82
20240328142008,-22.75
20240328143008,-22.71
20240328144008,-22.51
20240328145008,-22.28
20240328150008,-21.77
20240328151008,-21.68
20240328152008,-21.37
20240328153008,-21.1
20240328154008,-20.95
20240328155008,-20.55
20240328160008,-20.29
20240328161008,-19.9
20240328162008,-19.66
20240328163008,-19.18
20240328164008,-18.82
20240328165008,-18.51
20240508090008,18.18
20240508091008,32.25
20240508092008,39.67
20240508093008,47.7
20240508094008,63.45
20240508095008,60.51
20240508100008,66.85
20240508101008,64.77
20240508102008,64.54
20240508103008,70.47
20240508104008,53.07
20240508105008,37.26
20240508110008,-20.11
20240508111008,-19.67
20240508112008,-19.73
20240508113008,-19.98
20240508114008,-20.08
20240508115008,-20.34
20240508120008,-20.4
20240508121008,-20.63
20240508122008,-20.99
20240508123008,-21.42
20240508124008,-21.71
20240508125008,-21.99
20240508130008,-22.44
20240508131008,-22.78
20240508132008,-23.01
20240508133008,-23.23
20240508134008,-23.28
20240508135008,-23.37
20240508140008,-23.04
20240508141008,-22.82
20240508142008,-22.75
20240508143008,-22.71
20240508144008,-22.51
20240508145008,-22.28
20240508150008,-21.77
20240508151008,-21.68
20240508152008,-21.37
20240508153008,-21.1
20240508154008,-20.95
20240508155008,-20.55
20240508160008,-20.29
20240508161008,-19.9
20240508162008,-19.66
20240508163008,-19.18
20240508164008,-18.82
20240508165008,-18.51
20240521090008,10.87
20240521091008,8.14
20240521092008,14.18
20240521093008,19.96
20240521094008,25.09
20240521095008,25.99
20240521100008,26.01
20240521101008,25.19
20240521102008,21.41
20240521103008,16.8
20240521104008,11.3
20240521105008,6.07
20240521110008,-20.11
20240521111008,-19.67
20240521112008,-19.73
20240521113008,-19.98
20240521114008,-20.08
20240521115008,-20.34
20240521120008,-20.4
20240521121008,-20.63
20240521122008,-20.99
20240521123008,-21.42
20240521124008,-21.71
20240521125008,-21.99
20240521130008,-22.44
20240521131008,-22.78
20240521132008,-23.01
20240521133008,-23.23
20240521134008,-23.28
20240521135008,-23.37
20240521140008,-23.04
20240521141008,-22.82
20240521142008,-22.75
20240521143008,-22.71
20240521144008,-22.51
20240521145008,-22.28
20240521150008,-21.77
20240521151008,-21.68
20240521152008,-21.37
20240521153008,-21.1
20240521154008,-20.95
20240521155008,-20.55
20240521160008,-20.29
20240521161008,-19.9
20240521162008,-19.66
20240521163008,-19.18
20240521164008,-18.82
20240521165008,-18.51
20240618090008,47.67
20240618091008,26.38
20240618092008,34.53
20240618093008,43.3
20240618094008,52.51
20240618095008,59.72
20240618100008,66.75
20240618101008,72.05
20240618102008,72.37
20240618103008,74.06
20240618104008,64.85
20240618105008,68.51
20240618110008,-20.11
20240618111008,-19.67
20240618112008,-19.73
20240618113008,-19.98
20240618114008,-20.08
20240618115008,-20.34
20240618120008,-20.4
20240618121008,-20.63
20240618122008,-20.99
20240618123008,-21.42
20240618124008,-21.71
20240618125008,-21.99
20240618130008,-22.44
20240618131008,-22.78
20240618132008,-23.01
20240618133008,-23.23
20240618134008,-23.28
20240618135008,-23.37
20240618140008,-23.04
20240618141008,-22.82
20240618142008,-22.75
20240618143008,-22.71
20240618144008,-22.51
20240618145008,-22.28
20240618150008,-21.77
20240618151008,-21.68
20240618152008,-21.37
20240618153008,-21.1
20240618154008,-20.95
20240618155008,-20.55
20240618160008,-20.29
20240618161008,-19.9
20240618162008,-19.66
20240618163008,-19.18
20240618164008,-18.82
20240618165008,-18.51
20240630090008,35.13
20240630091008,2.84
20240630092008,6.02
20240630093008,7.48
20240630094008,9.75
20240630095008,10.65
20240630100008,10.85
20240630101008,10.84
20240630102008,10.84
20240630103008,10.1
20240630104008,8.99
20240630105008,6.22
20240630110008,-20.11
20240630111008,-19.67
20240630112008,-19.73
20240630113008,-19.98
20240630114008,-20.08
20240630115008,-20.34
20240630120008,-20.4
20240630121008,-20.63
20240630122008,-20.99
20240630123008,-21.42
20240630124008,-21.71
20240630125008,-21.99
20240630130008,-22.44
20240630131008,-22.78
20240630132008,-23.01
20240630133008,-23.23
20240630134008,-23.28
20240630135008,-23.37
20240630140008,-23.04
20240630141008,-22.82
20240630142008,-22.75
20240630143008,-22.71
20240630144008,-22.51
20240630145008,-22.28
20240630150008,-21.77
20240630151008,-21.68
20240630152008,-21.37
20240630153008,-21.1
20240630154008,-20.95
20240630155008,-20.55
20240630160008,-20.29
20240630161008,-19.9
20240630162008,-19.66
20240630163008,-19.18
20240630164008,-18.82
20240630165008,-18.51
20240702090008,35.9
20240702091008,0.96
20240702092008,4.44
20240702093008,8.36
20240702094008,10.72
20240702095008,10.77
20240702100008,11.57
20240702101008,11.6
20240702102008,11.0
20240702103008,9.44
20240702104008,6.13
20240702105008,2.52
20240702110008,-20.11
20240702111008,-19.67
20240702112008,-19.73
20240702113008,-19.98
20240702114008,-20.08
20240702115008,-20.34
20240702120008,-20.4
20240702121008,-20.63
20240702122008,-20.99
20240702123008,-21.42
20240702124008,-21.71
20240702125008,-21.99
20240702130008,-22.44
20240702131008,-22.78
20240702132008,-23.01
20240702133008,-23.23
20240702134008,-23.28
20240702135008,-23.37
20240702140008,-23.04
20240702141008,-22.82
20240702142008,-22.75
20240702143008,-22.71
20240702144008,-22.51
20240702145008,-22.28
20240702150008,-21.77
20240702151008,-21.68
20240702152008,-21.37
20240702153008,-21.1
20240702154008,-20.95
20240702155008,-20.55
20240702160008,-20.29
20240702161008,-19.9
20240702162008,-19.66
20240702163008,-19.18
20240702164008,-18.82
20240702165008,-18.51
20240812090008,25.25
20240812091008,-0.91
20240812092008,-1.28
20240812093008,0.04
20240812094008,0.73
20240812095008,1.82
20240812100008,2.22
20240812101008,1.7
20240812102008,1.58
20240812103008,1.39
20240812104008,2.35
20240812105008,3.12
20240812110008,-20.11
20240812111008,-19.67
20240812112008,-19.73
20240812113008,-19.98
20240812114008,-20.08
20240812115008,-20.34
20240812120008,-20.4
20240812121008,-20.63
20240812122008,-20.99
20240812123008,-21.42
20240812124008,-21.71
20240812125008,-21.99
20240812130008,-22.44
20240812131008,-22.78
20240812132008,-23.01
20240812133008,-23.23
20240812134008,-23.28
20240812135008,-23.37
20240812140008,-23.04
20240812141008,-22.82
20240812142008,-22.75
20240812143008,-22.71
20240812144008,-22.51
20240812145008,-22.28
20240812150008,-21.77
20240812151008,-21.68
20240812152008,-21.37
20240812153008,-21.1
20240812154008,-20.95
20240812155008,-20.55
20240812160008,-20.29
20240812161008,-19.9
20240812162008,-19.66
20240812163008,-19.18
20240812164008,-18.82
20240812165008,-18.51
20240828090008,24.41
20240828091008,-1.0
20240828092008,-1.16
20240828093008,0.42
20240828094008,2.01
20240828095008,1.63
20240828100008,2.72
20240828101008,2.9
20240828102008,3.16
20240828103008,3.01
20240828104008,2.93
20240828105008,2.76
20240828110008,-20.11
20240828111008,-19.67
20240828112008,-19.73
20240828113008,-19.98
20240828114008,-20.08
20240828115008,-20.34
20240828120008,-20.4
20240828121008,-20.63
20240828122008,-20.99
20240828123008,-21.42
20240828124008,-21.71
20240828125008,-21.99
20240828130008,-22.44
20240828131008,-22.78
20240828132008,-23.01
20240828133008,-23.23
20240828134008,-23.28
20240828135008,-23.37
20240828140008,-23.04
20240828141008,-22.82
20240828142008,-22.75
20240828143008,-22.71
20240828144008,-22.51
20240828145008,-22.28
20240828150008,-21.77
20240828151008,-21.68
20240828152008,-21.37
20240828153008,-21.1
20240828154008,-20.95
20240828155008,-20.55
20240828160008,-20.29
20240828161008,-19.9
20240828162008,-19.66
20240828163008,-19.18
20240828164008,-18.82
20240828165008,-18.51
20240307090010,-45.31
20240307091010,-44.61
20240307092010,-44.04
20240307093010,-43.53
20240307094010,-43.26
20240307095010,-43.13
20240307100010,-42.98
20240307101010,-42.62
20240307102010,-42.23
20240307103010,-41.28
20240307104010,-39.14
20240307105010,-35.35
20240307110010,-20.11
20240307111010,-19.67
20240307112010,-19.73
20240307113010,-19.98
20240307114010,-20.08
20240307115010,-20.34
20240307120010,-20.4
20240307121010,-20.63
20240307122010,-20.99
20240307123010,-21.42
20240307124010,-21.71
20240307125010,-21.99
20240307130010,-22.44
20240307131010,-22.78
20240307132010,-23.01
20240307133010,-23.23
20240307134010,-23.28
20240307135010,-23.37
20240307140010,-23.04
20240307141010,-22.82
20240307142010,-22.75
20240307143010,-22.71
20240307144010,-22.51
20240307145010,-22.28
20240307150010,-21.77
20240307151010,-21.68
20240307152010,-21.37
20240307153010,-21.1
20240307154010,-20.95
20240307155010,-20.55
20240307160010,-20.29
20240307161010,-19.9
20240307162010,-19.66
20240307163010,-19.18
20240307164010,-18.82
20240307165010,-18.51
20240310090010,-30.57
20240310091010,-29.9
20240310092010,-29.3
20240310093010,-27.75
20240310094010,-27.04
20240310095010,-26.67
20240310100010,-26.59
20240310101010,-26.37
20240310102010,-25.99
20240310103010,-25.84
20240310104010,-25.82
20240310105010,-27.0
20240310110010,-20.11
20240310111010,-19.67
20240310112010,-19.73
20240310113010,-19.98
20240310114010,-20.08
20240310115010,-20.34
20240310120010,-20.4
20240310121010,-20.63
20240310122010,-20.99
20240310123010,-21.42
20240310124010,-21.71
20240310125010,-21.99
20240310130010,-22.44
20240310131010,-22.78
20240310132010,-23.01
20240310133010,-23.23
20240310134010,-23.28
20240310135010,-23.37
20240310140010,-23.04
20240310141010,-22.82
20240310142010,-22.75
20240310143010,-22.71
20240310144010,-22.51
20240310145010,-22.28
20240310150010,-21.77
20240310151010,-21.68
20240310152010,-21.37
20240310153010,-21.1
20240310154010,-20.95
20240310155010,-20.55
20240310160010,-20.29
20240310161010,-19.9
20240310162010,-19.66
20240310163010,-19.18
20240310164010,-18.82
20240310165010,-18.51
20240423090010,42.88
20240423091010,44.8
20240423092010,58.52
20240423093010,67.2
20240423094010,75.37
20240423095010,79.55
20240423100010,107.93
20240423101010,112.26
20240423102010,112.81
20240423103010,111.45
20240423104010,104.84
20240423105010,86.01
20240423110010,-20.11
20240423111010,-19.67
20240423112010,-19.73
20240423113010,-19.98
20240423114010,-20.08
20240423115010,-20.34
20240423120010,-20.4
20240423121010,-20.63
20240423122010,-20.99
20240423123010,-21.42
20240423124010,-21.71
20240423125010,-21.99
20240423130010,-22.44
20240423131010,-22.78
20240423132010,-23.01
20240423133010,-23.23
20240423134010,-23.28
20240423135010,-23.37
20240423140010,-23.04
20240423141010,-22.82
20240423142010,-22.75
20240423143010,-22.71
20240423144010,-22.51
20240423145010,-22.28
20240423150010,-21.77
20240423151010,-21.68
20240423152010,-21.37
20240423153010,-21.1
20240423154010,-20.95
20240423155010,-20.55
20240423160010,-20.29
20240423161010,-19.9
20240423162010,-19.66
20240423163010,-19.18
20240423164010,-18.82
20240423165010,-18.51
20240519090010,13.89
20240519091010,16.8
20240519092010,26.05
20240519093010,32.81
20240519094010,37.83
20240519095010,41.01
20240519100010,41.79
20240519101010,44.08
20240519102010,44.47
20240519103010,41.43
20240519104010,36.14
20240519105010,30.91
20240519110010,-20.11
20240519111010,-19.67
20240519112010,-19.73
20240519113010,-19.98
20240519114010,-20.08
20240519115010,-20.34
20240519120010,-20.4
20240519121010,-20.63
20240519122010,-20.99
20240519123010,-21.42
20240519124010,-21.71
20240519125010,-21.99
20240519130010,-22.44
20240519131010,-22.78
20240519132010,-23.01
20240519133010,-23.23
20240519134010,-23.28
20240519135010,-23.37
20240519140010,-23.04
20240519141010,-22.82
20240519142010,-22.75
20240519143010,-22.71
20240519144010,-22.51
20240519145010,-22.28
20240519150010,-21.77
20240519151010,-21.68
20240519152010,-21.37
20240519153010,-21.1
20240519154010,-20.95
20240519155010,-20.55
20240519160010,-20.29
20240519161010,-19.9
20240519162010,-19.66
20240519163010,-19.18
20240519164010,-18.82
20240519165010,-18.51
20240619090010,94.32
20240619091010,4.28
20240619092010,7.52
20240619093010,11.84
20240619094010,15.1
20240619095010,102.67
20240619100010,294.58
20240619101010,416.22
20240619102010,702.29
20240619103010,573.62
20240619104010,539.14
20240619105010,399.32
20240619110010,-20.11
20240619111010,-19.67
20240619112010,-19.73
20240619113010,-19.98
20240619114010,-20.08
20240619115010,-20.34
20240619120010,-20.4
20240619121010,-20.63
20240619122010,-20.99
20240619123010,-21.42
20240619124010,-21.71
20240619125010,-21.99
20240619130010,-22.44
20240619131010,-22.78
20240619132010,-23.01
20240619133010,-23.23
20240619134010,-23.28
20240619135010,-23.37
20240619140010,-23.04
20240619141010,-22.82
20240619142010,-22.75
20240619143010,-22.71
20240619144010,-22.51
20240619145010,-22.28
20240619150010,-21.77
20240619151010,-21.68
20240619152010,-21.37
20240619153010,-21.1
20240619154010,-20.95
20240619155010,-20.55
20240619160010,-20.29
20240619161010,-19.9
20240619162010,-19.66
20240619163010,-19.18
20240619164010,-18.82
20240619165010,-18.51
20240711090010,474.31
20240711091010,328.7
20240711092010,362.98
20240711093010,393.57
20240711094010,485.07
20240711095010,563.9
20240711100010,756.3
20240711101010,858.62
20240711102010,1002.62
20240711103010,814.96
20240711104010,592.45
20240711105010,389.71
20240711110010,-20.11
20240711111010,-19.67
20240711112010,-19.73
20240711113010,-19.98
20240711114010,-20.08
20240711115010,-20.34
20240711120010,-20.4
20240711121010,-20.63
20240711122010,-20.99
20240711123010,-21.42
20240711124010,-21.71
20240711125010,-21.99
20240711130010,-22.44
20240711131010,-22.78
20240711132010,-23.01
20240711133010,-23.23
20240711134010,-23.28
20240711135010,-23.37
20240711140010,-23.04
20240711141010,-22.82
20240711142010,-22.75
20240711143010,-22.71
20240711144010,-22.51
20240711145010,-22.28
20240711150010,-21.77
20240711151010,-21.68
20240711152010,-21.37
20240711153010,-21.1
20240711154010,-20.95
20240711155010,-20.55
20240711160010,-20.29
20240711161010,-19.9
20240711162010,-19.66
20240711163010,-19.18
20240711164010,-18.82
20240711165010,-18.51
20240207090017,-23.57
20240207091017,-22.62
20240207092017,-21.1
20240207093017,-18.44
20240207094017,-14.25
20240207095017,-8.59
20240207100017,-6.54
20240207101017,-6.42
20240207102017,-7.12
20240207103017,-8.58
20240207104017,-11.33
20240207105017,-15.24
20240207110017,-20.11
20240207111017,-19.67
20240207112017,-19.73
20240207113017,-19.98
20240207114017,-20.08
20240207115017,-20.34
20240207120017,-20.4
20240207121017,-20.63
20240207122017,-20.99
20240207123017,-21.42
20240207124017,-21.71
20240207125017,-21.99
20240207130017,-22.44
20240207131017,-22.78
20240207132017,-23.01
20240207133017,-23.23
20240207134017,-23.28
20240207135017,-23.37
20240207140017,-23.04
20240207141017,-22.82
20240207142017,-22.75
20240207143017,-22.71
20240207144017,-22.51
20240207145017,-22.28
20240207150017,-21.77
20240207151017,-21.68
20240207152017,-21.37
20240207153017,-21.1
20240207154017,-20.95
20240207155017,-20.55
20240207160017,-20.29
20240207161017,-19.9
20240207162017,-19.66
20240207163017,-19.18
20240207164017,-18.82
20240207165017,-18.51
20240224090017,-32.57
20240224091017,-24.93
20240224092017,-15.89
20240224093017,-8.13
20240224094017,-2.12
20240224095017,1.31
20240224100017,12.54
20240224101017,7.66
20240224102017,10.02
20240224103017,10.9
20240224104017,9.41
20240224105017,5.26
20240224110017,-20.11
20240224111017,-19.67
20240224112017,-19.73
20240224113017,-19.98
20240224114017,-20.08
20240224115017,-20.34
20240224120017,-20.4
20240224121017,-20.63
20240224122017,-20.99
20240224123017,-21.42
20240224124017,-21.71
20240224125017,-21.99
20240224130017,-22.44
20240224131017,-22.78
20240224132017,-23.01
20240224133017,-23.23
20240224134017,-23.28
20240224135017,-23.37
20240224140017,-23.04
20240224141017,-22.82
20240224142017,-22.75
20240224143017,-22.71
20240224144017,-22.51
20240224145017,-22.28
20240224150017,-21.77
20240224151017,-21.68
20240224152017,-21.37
20240224153017,-21.1
20240224154017,-20.95
20240224155017,-20.55
20240224160017,-20.29
20240224161017,-19.9
20240224162017,-19.66
20240224163017,-19.18
20240224164017,-18.82
20240224165017,-18.51
20240318090017,-29.58
20240318091017,-34.69
20240318092017,-29.74
20240318093017,-24.93
20240318094017,-21.15
20240318095017,-17.78
20240318100017,-15.18
20240318101017,-12.07
20240318102017,-9.66
20240318103017,-7.42
20240318104017,-5.64
20240318105017,-5.2
20240318110017,-20.11
20240318111017,-19.67
20240318112017,-19.73
20240318113017,-19.98
20240318114017,-20.08
20240318115017,-20.34
20240318120017,-20.4
20240318121017,-20.63
20240318122017,-20.99
20240318123017,-21.42
20240318124017,-21.71
20240318125017,-21.99
20240318130017,-22.44
20240318131017,-22.78
20240318132017,-23.01
20240318133017,-23.23
20240318134017,-23.28
20240318135017,-23.37
20240318140017,-23.04
20240318141017,-22.82
20240318142017,-22.75
20240318143017,-22.71
20240318144017,-22.51
20240318145017,-22.28
20240318150017,-21.77
20240318151017,-21.68
20240318152017,-21.37
20240318153017,-21.1
20240318154017,-20.95
20240318155017,-20.55
20240318160017,-20.29
20240318161017,-19.9
20240318162017,-19.66
20240318163017,-19.18
20240318164017,-18.82
20240318165017,-18.51
20240509090017,-9.36
20240509091017,3.05
20240509092017,16.44
20240509093017,31.16
20240509094017,42.99
20240509095017,49.57
20240509100017,60.3
20240509101017,69.21
20240509102017,50.19
20240509103017,44.81
20240509104017,32.24
20240509105017,33.4
20240509110017,-20.11
20240509111017,-19.67
20240509112017,-19.73
20240509113017,-19.98
20240509114017,-20.08
20240509115017,-20.34
20240509120017,-20.4
20240509121017,-20.63
20240509122017,-20.99
20240509123017,-21.42
20240509124017,-21.71
20240509125017,-21.99
20240509130017,-22.44
20240509131017,-22.78
20240509132017,-23.01
20240509133017,-23.23
20240509134017,-23.28
20240509135017,-23.37
20240509140017,-23.04
20240509141017,-22.82
20240509142017,-22.75
20240509143017,-22.71
20240509144017,-22.51
20240509145017,-22.28
20240509150017,-21.77
20240509151017,-21.68
20240509152017,-21.37
20240509153017,-21.1
20240509154017,-20.95
20240509155017,-20.55
20240509160017,-20.29
20240509161017,-19.9
20240509162017,-19.66
20240509163017,-19.18
20240509164017,-18.82
20240509165017,-18.51
20240602090017,10.36
20240602091017,3.66
20240602092017,10.28
20240602093017,17.72
20240602094017,21.44
20240602095017,25.34
20240602100017,26.26
20240602101017,29.08
20240602102017,26.03
20240602103017,20.39
20240602104017,13.94
20240602105017,2.93
20240602110017,-20.11
20240602111017,-19.67
20240602112017,-19.73
20240602113017,-19.98
20240602114017,-20.08
20240602115017,-20.34
20240602120017,-20.4
20240602121017,-20.63
20240602122017,-20.99
20240602123017,-21.42
20240602124017,-21.71
20240602125017,-21.99
20240602130017,-22.44
20240602131017,-22.78
20240602132017,-23.01
20240602133017,-23.23
20240602134017,-23.28
20240602135017,-23.37
20240602140017,-23.04
20240602141017,-22.82
20240602142017,-22.75
20240602143017,-22.71
20240602144017,-22.51
20240602145017,-22.28
20240602150017,-21.77
20240602151017,-21.68
20240602152017,-21.37
20240602153017,-21.1
20240602154017,-20.95
20240602155017,-20.55
20240602160017,-20.29
20240602161017,-19.9
20240602162017,-19.66
20240602163017,-19.18
20240602164017,-18.82
20240602165017,-18.51
20240604090017,506.43
20240604091017,663.32
20240604092017,723.13
20240604093017,749.45
20240604094017,803.05
20240604095017,806.35
20240604100017,845.37
20240604101017,819.1
20240604102017,850.39
20240604103017,905.3
20240604104017,981.07
20240604105017,828.43
20240604110017,-20.11
20240604111017,-19.67
20240604112017,-19.73
20240604113017,-19.98
20240604114017,-20.08
20240604115017,-20.34
20240604120017,-20.4
20240604121017,-20.63
20240604122017,-20.99
20240604123017,-21.42
20240604124017,-21.71
20240604125017,-21.99
20240604130017,-22.44
20240604131017,-22.78
20240604132017,-23.01
20240604133017,-23.23
20240604134017,-23.28
20240604135017,-23.37
20240604140017,-23.04
20240604141017,-22.82
20240604142017,-22.75
20240604143017,-22.71
20240604144017,-22.51
20240604145017,-22.28
20240604150017,-21.77
20240604151017,-21.68
20240604152017,-21.37
20240604153017,-21.1
20240604154017,-20.95
20240604155017,-20.55
20240604160017,-20.29
20240604161017,-19.9
20240604162017,-19.66
20240604163017,-19.18
20240604164017,-18.82
20240604165017,-18.51
20240609090017,537.66
20240609091017,979.07
20240609092017,1083.62
20240609093017,1102.11
20240609094017,1030.34
20240609095017,939.14
20240609100017,894.38
20240609101017,884.36
20240609102017,1043.9
20240609103017,1096.43
20240609104017,1192.99
20240609105017,1225.99
20240609110017,-20.11
20240609111017,-19.67
20240609112017,-19.73
20240609113017,-19.98
20240609114017,-20.08
20240609115017,-20.34
20240609120017,-20.4
20240609121017,-20.63
20240609122017,-20.99
20240609123017,-21.42
20240609124017,-21.71
20240609125017,-21.99
20240609130017,-22.44
20240609131017,-22.78
20240609132017,-23.01
20240609133017,-23.23
20240609134017,-23.28
20240609135017,-23.37
20240609140017,-23.04
20240609141017,-22.82
20240609142017,-22.75
20240609143017,-22.71
20240609144017,-22.51
20240609145017,-22.28
20240609150017,-21.77
20240609151017,-21.68
20240609152017,-21.37
20240609153017,-21.1
20240609154017,-20.95
20240609155017,-20.55
20240609160017,-20.29
20240609161017,-19.9
20240609162017,-19.66
20240609163017,-19.18
20240609164017,-18.82
20240609165017,-18.51
20240709090017,490.15
20240709091017,1303.66
20240709092017,1241.64
20240709093017,1168.26
20240709094017,1030.91
20240709095017,1000.9
20240709100017,1036.2
20240709101017,976.71
20240709102017,1031.17
20240709103017,1146.55
20240709104017,1188.21
20240709105017,1252.91
20240709110017,-20.11
20240709111017,-19.67
20240709112017,-19.73
20240709113017,-19.98
20240709114017,-20.08
20240709115017,-20.34
20240709120017,-20.4
20240709121017,-20.63
20240709122017,-20.99
20240709123017,-21.42
20240709124017,-21.71
20240709125017,-21.99
20240709130017,-22.44
20240709131017,-22.78
20240709132017,-23.01
20240709133017,-23.23
20240709134017,-23.28
20240709135017,-23.37
20240709140017,-23.04
20240709141017,-22.82
20240709142017,-22.75
20240709143017,-22.71
20240709144017,-22.51
20240709145017,-22.28
20240709150017,-21.77
20240709151017,-21.68
20240709152017,-21.37
20240709153017,-21.1
20240709154017,-20.95
20240709155017,-20.55
20240709160017,-20.29
20240709161017,-19.9
20240709162017,-19.66
20240709163017,-19.18
20240709164017,-18.82
20240709165017,-18.51
20240106090001,494.45
20240106091001,378.99
20240106092001,419.78
20240106093001,414.25
20240106094001,414.54
20240106095001,418.68
20240106100001,483.2
20240106101001,556.57
20240106102001,739.48
20240106103001,1001.35
20240106104001,877.58
20240106105001,579.71
20240106110001,-20.11
20240106111001,-19.67
20240106112001,-19.73
20240106113001,-19.98
20240106114001,-20.08
20240106115001,-20.34
20240106120001,-20.4
20240106121001,-20.63
20240106122001,-20.99
20240106123001,-21.42
20240106124001,-21.71
20240106125001,-21.99
20240106130001,-22.44
20240106131001,-22.78
20240106132001,-23.01
20240106133001,-23.23
20240106134001,-23.28
20240106135001,-23.37
20240106140001,-23.04
20240106141001,-22.82
20240106142001,-22.75
20240106143001,-22.71
20240106144001,-22.51
20240106145001,-22.28
20240106150001,-21.77
20240106151001,-21.68
20240106152001,-21.37
20240106153001,-21.1
20240106154001,-20.95
20240106155001,-20.55
20240106160001,-20.29
20240106161001,-19.9
20240106162001,-19.66
20240106163001,-19.18
20240106164001,-18.82
20240106165001,-18.51
20240111090001,-28.27
20240111091001,-30.93
20240111092001,-31.82
20240111093001,-32.44
20240111094001,-33.28
20240111095001,-31.92
20240111100001,-30.12
20240111101001,-25.12
20240111102001,-24.62
20240111103001,-25.5
20240111104001,-28.23
20240111105001,-32.6
20240111110001,-20.11
20240111111001,-19.67
20240111112001,-19.73
20240111113001,-19.98
20240111114001,-20.08
20240111115001,-20.34
20240111120001,-20.4
20240111121001,-20.63
20240111122001,-20.99
20240111123001,-21.42
20240111124001,-21.71
20240111125001,-21.99
20240111130001,-22.44
20240111131001,-22.78
20240111132001,-23.01
20240111133001,-23.23
20240111134001,-23.28
20240111135001,-23.37
20240111140001,-23.04
20240111141001,-22.82
20240111142001,-22.75
20240111143001,-22.71
20240111144001,-22.51
20240111145001,-22.28
20240111150001,-21.77
20240111151001,-21.68
20240111152001,-21.37
20240111153001,-21.1
20240111154001,-20.95
20240111155001,-20.55
20240111160001,-20.29
20240111161001,-19.9
20240111162001,-19.66
20240111163001,-19.18
20240111164001,-18.82
20240111165001,-18.51
20240213090001,176.03
20240213091001,178.25
20240213092001,176.64
20240213093001,175.51
20240213094001,189.16
20240213095001,198.43
20240213100001,325.96
20240213101001,742.15
20240213102001,902.93
20240213103001,875.37
20240213104001,720.48
20240213105001,342.27
20240213110001,-20.11
20240213111001,-19.67
20240213112001,-19.73
20240213113001,-19.98
20240213114001,-20.08
20240213115001,-20.34
20240213120001,-20.4
20240213121001,-20.63
20240213122001,-20.99
20240213123001,-21.42
20240213124001,-21.71
20240213125001,-21.99
20240213130001,-22.44
20240213131001,-22.78
20240213132001,-23.01
20240213133001,-23.23
20240213134001,-23.28
20240213135001,-23.37
20240213140001,-23.04
20240213141001,-22.82
20240213142001,-22.75
20240213143001,-22.71
20240213144001,-22.51
20240213145001,-22.28
20240213150001,-21.77
20240213151001,-21.68
20240213152001,-21.37
20240213153001,-21.1
20240213154001,-20.95
20240213155001,-20.55
20240213160001,-20.29
20240213161001,-19.9
20240213162001,-19.66
20240213163001,-19.18
20240213164001,-18.82
20240213165001,-18.51
20240508090001,150.68
20240508091001,137.44
20240508092001,159.65
20240508093001,180.24
20240508094001,189.81
20240508095001,199.04
20240508100001,191.57
20240508101001,162.57
20240508102001,151.26
20240508103001,187.97
20240508104001,236.24
20240508105001,254.51
20240508110001,-20.11
20240508111001,-19.67
20240508112001,-19.73
20240508113001,-19.98
20240508114001,-20.08
20240508115001,-20.34
20240508120001,-20.4
20240508121001,-20.63
20240508122001,-20.99
20240508123001,-21.42
20240508124001,-21.71
20240508125001,-21.99
20240508130001,-22.44
20240508131001,-22.78
20240508132001,-23.01
20240508133001,-23.23
20240508134001,-23.28
20240508135001,-23.37
20240508140001,-23.04
20240508141001,-22.82
20240508142001,-22.75
20240508143001,-22.71
20240508144001,-22.51
20240508145001,-22.28
20240508150001,-21.77
20240508151001,-21.68
20240508152001,-21.37
20240508153001,-21.1
20240508154001,-20.95
20240508155001,-20.55
20240508160001,-20.29
20240508161001,-19.9
20240508162001,-19.66
20240508163001,-19.18
20240508164001,-18.82
20240508165001,-18.51
20240510090001,295.92
20240510091001,353.34
20240510092001,400.69
20240510093001,466.95
20240510094001,488.68
20240510095001,563.93
20240510100001,586.82
20240510101001,604.37
20240510102001,611.07
20240510103001,625.05
20240510104001,645.56
20240510105001,728.26
20240510110001,-20.11
20240510111001,-19.67
20240510112001,-19.73
20240510113001,-19.98
20240510114001,-20.08
20240510115001,-20.34
20240510120001,-20.4
20240510121001,-20.63
20240510122001,-20.99
20240510123001,-21.42
20240510124001,-21.71
20240510125001,-21.99
20240510130001,-22.44
20240510131001,-22.78
20240510132001,-23.01
20240510133001,-23.23
20240510134001,-23.28
20240510135001,-23.37
20240510140001,-23.04
20240510141001,-22.82
20240510142001,-22.75
20240510143001,-22.71
20240510144001,-22.51
20240510145001,-22.28
20240510150001,-21.77
20240510151001,-21.68
20240510152001,-21.37
20240510153001,-21.1
20240510154001,-20.95
20240510155001,-20.55
20240510160001,-20.29
20240510161001,-19.9
20240510162001,-19.66
20240510163001,-19.18
20240510164001,-18.82
20240510165001,-18.51
20240524090001,50.33
20240524091001,67.49
20240524092001,92.91
20240524093001,115.3
20240524094001,123.25
20240524095001,122.63
20240524100001,120.52
20240524101001,114.45
20240524102001,106.7
20240524103001,87.6
20240524104001,69.95
20240524105001,51.32
20240524110001,-20.11
20240524111001,-19.67
20240524112001,-19.73
20240524113001,-19.98
20240524114001,-20.08
20240524115001,-20.34
20240524120001,-20.4
20240524121001,-20.63
20240524122001,-20.99
20240524123001,-21.42
20240524124001,-21.71
20240524125001,-21.99
20240524130001,-22.44
20240524131001,-22.78
20240524132001,-23.01
20240524133001,-23.23
20240524134001,-23.28
20240524135001,-23.37
20240524140001,-23.04
20240524141001,-22.82
20240524142001,-22.75
20240524143001,-22.71
20240524144001,-22.51
20240524145001,-22.28
20240524150001,-21.77
20240524151001,-21.68
20240524152001,-21.37
20240524153001,-21.1
20240524154001,-20.95
20240524155001,-20.55
20240524160001,-20.29
20240524161001,-19.9
20240524162001,-19.66
20240524163001,-19.18
20240524164001,-18.82
20240524165001,-18.51
20240623090001,470.14
20240623091001,1084.12
20240623092001,1100.55
20240623093001,1024.32
20240623094001,898.3
20240623095001,743.45
20240623100001,733.18
20240623101001,560.82
20240623102001,684.22
20240623103001,916.56
20240623104001,989.47
20240623105001,950.82
20240623110001,-20.11
20240623111001,-19.67
20240623112001,-19.73
20240623113001,-19.98
20240623114001,-20.08
20240623115001,-20.34
20240623120001,-20.4
20240623121001,-20.63
20240623122001,-20.99
20240623123001,-21.42
20240623124001,-21.71
20240623125001,-21.99
20240623130001,-22.44
20240623131001,-22.78
20240623132001,-23.01
20240623133001,-23.23
20240623134001,-23.28
20240623135001,-23.37
20240623140001,-23.04
20240623141001,-22.82
20240623142001,-22.75
20240623143001,-22.71
20240623144001,-22.51
20240623145001,-22.28
20240623150001,-21.77
20240623151001,-21.68
20240623152001,-21.37
20240623153001,-21.1
20240623154001,-20.95
20240623155001,-20.55
20240623160001,-20.29
20240623161001,-19.9
20240623162001,-19.66
20240623163001,-19.18
20240623164001,-18.82
20240623165001,-18.51
20240627090001,451.41
20240627091001,1219.48
20240627092001,1263.36
20240627093001,1276.82
20240627094001,1174.6
20240627095001,1009.65
20240627100001,959.34
20240627101001,961.86
20240627102001,1002.0
20240627103001,1006.0
20240627104001,1031.53
20240627105001,1060.68
20240627110001,-20.11
20240627111001,-19.67
20240627112001,-19.73
20240627113001,-19.98
20240627114001,-20.08
20240627115001,-20.34
20240627120001,-20.4
20240627121001,-20.63
20240627122001,-20.99
20240627123001,-21.42
20240627124001,-21.71
20240627125001,-21.99
20240627130001,-22.44
20240627131001,-22.78
20240627132001,-23.01
20240627133001,-23.23
20240627134001,-23.28
20240627135001,-23.37
20240627140001,-23.04
20240627141001,-22.82
20240627142001,-22.75
20240627143001,-22.71
20240627144001,-22.51
20240627145001,-22.28
20240627150001,-21.77
20240627151001,-21.68
20240627152001,-21.37
20240627153001,-21.1
20240627154001,-20.95
20240627155001,-20.55
20240627160001,-20.29
20240627161001,-19.9
20240627162001,-19.66
20240627163001,-19.18
20240627164001,-18.82
20240627165001,-18.51
20240713090001,274.72
20240713091001,181.16
20240713092001,240.24
20240713093001,372.14
20240713094001,380.32
20240713095001,379.15
20240713100001,331.61
20240713101001,383.44
20240713102001,488.92
20240713103001,818.57
20240713104001,675.41
20240713105001,859.39
20240713110001,-20.11
20240713111001,-19.67
20240713112001,-19.73
20240713113001,-19.98
20240713114001,-20.08
20240713115001,-20.34
20240713120001,-20.4
20240713121001,-20.63
20240713122001,-20.99
20240713123001,-21.42
20240713124001,-21.71
20240713125001,-21.99
20240713130001,-22.44
20240713131001,-22.78
20240713132001,-23.01
20240713133001,-23.23
20240713134001,-23.28
20240713135001,-23.37
20240713140001,-23.04
20240713141001,-22.82
20240713142001,-22.75
20240713143001,-22.71
20240713144001,-22.51
20240713145001,-22.28
20240713150001,-21.77
20240713151001,-21.68
20240713152001,-21.37
20240713153001,-21.1
20240713154001,-20.95
20240713155001,-20.55
20240713160001,-20.29
20240713161001,-19.9
20240713162001,-19.66
20240713163001,-19.18
20240713164001,-18.82
20240713165001,-18.51
20240715090001,379.65
20240715091001,1074.1
20240715092001,1194.77
20240715093001,1222.68
20240715094001,1097.48
20240715095001,1022.4
20240715100001,883.25
20240715101001,837.37
20240715102001,907.02
20240715103001,958.91
20240715104001,969.25
20240715105001,897.26
20240715110001,-20.11
20240715111001,-19.67
20240715112001,-19.73
20240715113001,-19.98
20240715114001,-20.08
20240715115001,-20.34
20240715120001,-20.4
20240715121001,-20.63
20240715122001,-20.99
20240715123001,-21.42
20240715124001,-21.71
20240715125001,-21.99
20240715130001,-22.44
20240715131001,-22.78
20240715132001,-23.01
20240715133001,-23.23
20240715134001,-23.28
20240715135001,-23.37
20240715140001,-23.04
20240715141001,-22.82
20240715142001,-22.75
20240715143001,-22.71
20240715144001,-22.51
20240715145001,-22.28
20240715150001,-21.77
20240715151001,-21.68
20240715152001,-21.37
20240715153001,-21.1
20240715154001,-20.95
20240715155001,-20.55
20240715160001,-20.29
20240715161001,-19.9
20240715162001,-19.66
20240715163001,-19.18
20240715164001,-18.82
20240715165001,-18.51
20240927090004,1099.53
20240927091004,1134.15
20240927092004,1089.63
20240927093004,929.36
20240927094004,1013.29
20240927095004,953.9
20240927100004,949.14
20240927101004,917.49
20240927102004,818.85
20240927103004,772.63
20240927104004,819.55
20240927105004,1029.86
20240927110004,-20.11
20240927111004,-19.67
20240927112004,-19.73
20240927113004,-19.98
20240927114004,-20.08
20240927115004,-20.34
20240927120004,-20.4
20240927121004,-20.63
20240927122004,-20.99
20240927123004,-21.42
20240927124004,-21.71
20240927125004,-21.99
20240927130004,-22.44
20240927131004,-22.78
20240927132004,-23.01
20240927133004,-23.23
20240927134004,-23.28
20240927135004,-23.37
20240927140004,-23.04
20240927141004,-22.82
20240927142004,-22.75
20240927143004,-22.71
20240927144004,-22.51
20240927145004,-22.28
20240927150004,-21.77
20240927151004,-21.68
20240927152004,-21.37
20240927153004,-21.1
20240927154004,-20.95
20240927155004,-20.55
20240927160004,-20.29
20240927161004,-19.9
20240927162004,-19.66
20240927163004,-19.18
20240927164004,-18.82
20240927165004,-18.51
20241018090004,722.28
20241018091004,1135.98
20241018092004,1194.11
20241018093004,1191.52
20241018094004,1186.89
20241018095004,1209.4
20241018100004,1231.39
20241018101004,1253.54
20241018102004,1207.63
20241018103004,1208.88
20241018104004,1227.81
20241018105004,1213.7
20241018110004,-20.11
20241018111004,-19.67
20241018112004,-19.73
20241018113004,-19.98
20241018114004,-20.08
20241018115004,-20.34
20241018120004,-20.4
20241018121004,-20.63
20241018122004,-20.99
20241018123004,-21.42
20241018124004,-21.71
20241018125004,-21.99
20241018130004,-22.44
20241018131004,-22.78
20241018132004,-23.01
20241018133004,-23.23
20241018134004,-23.28
20241018135004,-23.37
20241018140004,-23.04
20241018141004,-22.82
20241018142004,-22.75
20241018143004,-22.71
20241018144004,-22.51
20241018145004,-22.28
20241018150004,-21.77
20241018151004,-21.68
20241018152004,-21.37
20241018153004,-21.1
20241018154004,-20.95
20241018155004,-20.55
20241018160004,-20.29
20241018161004,-19.9
20241018162004,-19.66
20241018163004,-19.18
20241018164004,-18.82
20241018165004,-18.51
20240918090007,-0.7
20240918091007,-8.75
20240918092007,-8.19
20240918093007,-7.95
20240918094007,-8.59
20240918095007,-10.15
20240918100007,-11.61
20240918101007,-12.38
20240918102007,-13.44
20240918103007,-14.12
20240918104007,-14.82
20240918105007,-16.06
20240918110007,-20.11
20240918111007,-19.67
20240918112007,-19.73
20240918113007,-19.98
20240918114007,-20.08
20240918115007,-20.34
20240918120007,-20.4
20240918121007,-20.63
20240918122007,-20.99
20240918123007,-21.42
20240918124007,-21.71
20240918125007,-21.99
20240918130007,-22.44
20240918131007,-22.78
20240918132007,-23.01
20240918133007,-23.23
20240918134007,-23.28
20240918135007,-23.37
20240918140007,-23.04
20240918141007,-22.82
20240918142007,-22.75
20240918143007,-22.71
20240918144007,-22.51
20240918145007,-22.28
20240918150007,-21.77
20240918151007,-21.68
20240918152007,-21.37
20240918153007,-21.1
20240918154007,-20.95
20240918155007,-20.55
20240918160007,-20.29
20240918161007,-19.9
20240918162007,-19.66
20240918163007,-19.18
20240918164007,-18.82
20240918165007,-18.51
20240920090007,1139.59
20240920091007,1490.98
20240920092007,1499.02
20240920093007,1542.33
20240920094007,1539.68
20240920095007,1563.96
20240920100007,1545.32
20240920101007,1556.12
20240920102007,1532.96
20240920103007,1503.72
20240920104007,1496.28
20240920105007,1541.01
20240920110007,-20.11
20240920111007,-19.67
20240920112007,-19.73
20240920113007,-19.98
20240920114007,-20.08
20240920115007,-20.34
20240920120007,-20.4
20240920121007,-20.63
20240920122007,-20.99
20240920123007,-21.42
20240920124007,-21.71
20240920125007,-21.99
20240920130007,-22.44
20240920131007,-22.78
20240920132007,-23.01
20240920133007,-23.23
20240920134007,-23.28
20240920135007,-23.37
20240920140007,-23.04
20240920141007,-22.82
20240920142007,-22.75
20240920143007,-22.71
20240920144007,-22.51
20240920145007,-22.28
20240920150007,-21.77
20240920151007,-21.68
20240920152007,-21.37
20240920153007,-21.1
20240920154007,-20.95
20240920155007,-20.55
20240920160007,-20.29
20240920161007,-19.9
20240920162007,-19.66
20240920163007,-19.18
20240920164007,-18.82
20240920165007,-18.51
20241016090007,1005.64
20241016091007,1582.65
20241016092007,1615.75
20241016093007,1619.92
20241016094007,1636.24
20241016095007,1631.27
20241016100007,1611.17
20241016101007,1632.66
20241016102007,1582.45
20241016103007,1595.67
20241016104007,1567.28
20241016105007,1558.22
20241016110007,-20.11
20241016111007,-19.67
20241016112007,-19.73
20241016113007,-19.98
20241016114007,-20.08
20241016115007,-20.34
20241016120007,-20.4
20241016121007,-20.63
20241016122007,-20.99
20241016123007,-21.42
20241016124007,-21.71
20241016125007,-21.99
20241016130007,-22.44
20241016131007,-22.78
20241016132007,-23.01
20241016133007,-23.23
20241016134007,-23.28
20241016135007,-23.37
20241016140007,-23.04
20241016141007,-22.82
20241016142007,-22.75
20241016143007,-22.71
20241016144007,-22.51
20241016145007,-22.28
20241016150007,-21.77
20241016151007,-21.68
20241016152007,-21.37
20241016153007,-21.1
20241016154007,-20.95
20241016155007,-20.55
20241016160007,-20.29
20241016161007,-19.9
20241016162007,-19.66
20241016163007,-19.18
20241016164007,-18.82
20241016165007,-18.51
20240922090008,66.36
20240922091008,39.24
20240922092008,48.79
20240922093008,58.39
20240922094008,68.87
20240922095008,73.37
20240922100008,82.29
20240922101008,79.82
20240922102008,78.63
20240922103008,72.7
20240922104008,68.31
20240922105008,58.41
20240922110008,-20.11
20240922111008,-19.67
20240922112008,-19.73
20240922113008,-19.98
20240922114008,-20.08
20240922115008,-20.34
20240922120008,-20.4
20240922121008,-20.63
20240922122008,-20.99
20240922123008,-21.42
20240922124008,-21.71
20240922125008,-21.99
20240922130008,-22.44
20240922131008,-22.78
20240922132008,-23.01
20240922133008,-23.23
20240922134008,-23.28
20240922135008,-23.37
20240922140008,-23.04
20240922141008,-22.82
20240922142008,-22.75
20240922143008,-22.71
20240922144008,-22.51
20240922145008,-22.28
20240922150008,-21.77
20240922151008,-21.68
20240922152008,-21.37
20240922153008,-21.1
20240922154008,-20.95
20240922155008,-20.55
20240922160008,-20.29
20240922161008,-19.9
20240922162008,-19.66
20240922163008,-19.18
20240922164008,-18.82
20240922165008,-18.51
20240928090008,14.72
20240928091008,6.53
20240928092008,10.75
20240928093008,15.14
20240928094008,18.71
20240928095008,20.52
20240928100008,22.5
20240928101008,25.26
20240928102008,29.77
20240928103008,30.73
20240928104008,26.02
20240928105008,20.2
20240928110008,-20.11
20240928111008,-19.67
20240928112008,-19.73
20240928113008,-19.98
20240928114008,-20.08
20240928115008,-20.34
20240928120008,-20.4
20240928121008,-20.63
20240928122008,-20.99
20240928123008,-21.42
20240928124008,-21.71
20240928125008,-21.99
20240928130008,-22.44
20240928131008,-22.78
20240928132008,-23.01
20240928133008,-23.23
20240928134008,-23.28
20240928135008,-23.37
20240928140008,-23.04
20240928141008,-22.82
20240928142008,-22.75
20240928143008,-22.71
20240928144008,-22.51
20240928145008,-22.28
20240928150008,-21.77
20240928151008,-21.68
20240928152008,-21.37
20240928153008,-21.1
20240928154008,-20.95
20240928155008,-20.55
20240928160008,-20.29
20240928161008,-19.9
20240928162008,-19.66
20240928163008,-19.18
20240928164008,-18.82
20240928165008,-18.51
20241011090008,3.36
20241011091008,5.1
20241011092008,11.06
20241011093008,17.3
20241011094008,20.82
20241011095008,25.91
20241011100008,26.13
20241011101008,27.51
20241011102008,25.88
20241011103008,26.35
20241011104008,25.9
20241011105008,32.26
20241011110008,-20.11
20241011111008,-19.67
20241011112008,-19.73
20241011113008,-19.98
20241011114008,-20.08
20241011115008,-20.34
20241011120008,-20.4
20241011121008,-20.63
20241011122008,-20.99
20241011123008,-21.42
20241011124008,-21.71
20241011125008,-21.99
20241011130008,-22.44
20241011131008,-22.78
20241011132008,-23.01
20241011133008,-23.23
20241011134008,-23.28
20241011135008,-23.37
20241011140008,-23.04
20241011141008,-22.82
20241011142008,-22.75
20241011143008,-22.71
20241011144008,-22.51
20241011145008,-22.28
20241011150008,-21.77
20241011151008,-21.68
20241011152008,-21.37
20241011153008,-21.1
20241011154008,-20.95
20241011155008,-20.55
20241011160008,-20.29
20241011161008,-19.9
20241011162008,-19.66
20241011163008,-19.18
20241011164008,-18.82
20241011165008,-18.51
20241016090008,5.55
20241016091008,-8.99
20241016092008,-4.91
20241016093008,-1.18
20241016094008,1.69
20241016095008,3.85
20241016100008,5.31
20241016101008,5.02
20241016102008,3.36
20241016103008,1.65
20241016104008,-1.65
20241016105008,-7.01
20241016110008,-20.11
20241016111008,-19.67
20241016112008,-19.73
20241016113008,-19.98
20241016114008,-20.08
20241016115008,-20.34
20241016120008,-20.4
20241016121008,-20.63
20241016122008,-20.99
20241016123008,-21.42
20241016124008,-21.71
20241016125008,-21.99
20241016130008,-22.44
20241016131008,-22.78
20241016132008,-23.01
20241016133008,-23.23
20241016134008,-23.28
20241016135008,-23.37
20241016140008,-23.04
20241016141008,-22.82
20241016142008,-22.75
20241016143008,-22.71
20241016144008,-22.51
20241016145008,-22.28
20241016150008,-21.77
20241016151008,-21.68
20241016152008,-21.37
20241016153008,-21.1
20241016154008,-20.95
20241016155008,-20.55
20241016160008,-20.29
20241016161008,-19.9
20241016162008,-19.66
20241016163008,-19.18
20241016164008,-18.82
20241016165008,-18.51
20241018090008,6.25
20241018091008,-11.56
20241018092008,-8.6
20241018093008,-6.34
20241018094008,-3.89
20241018095008,-2.39
20241018100008,-2.04
20241018101008,-1.55
20241018102008,-1.81
20241018103008,-2.74
20241018104008,-4.7
20241018105008,-8.62
20241018110008,-20.11
20241018111008,-19.67
20241018112008,-19.73
20241018113008,-19.98
20241018114008,-20.08
20241018115008,-20.34
20241018120008,-20.4
20241018121008,-20.63
20241018122008,-20.99
20241018123008,-21.42
20241018124008,-21.71
20241018125008,-21.99
20241018130008,-22.44
20241018131008,-22.78
20241018132008,-23.01
20241018133008,-23.23
20241018134008,-23.28
20241018135008,-23.37
20241018140008,-23.04
20241018141008,-22.82
20241018142008,-22.75
20241018143008,-22.71
20241018144008,-22.51
20241018145008,-22.28
20241018150008,-21.77
20241018151008,-21.68
20241018152008,-21.37
20241018153008,-21.1
20241018154008,-20.95
20241018155008,-20.55
20241018160008,-20.29
20241018161008,-19.9
20241018162008,-19.66
20241018163008,-19.18
20241018164008,-18.82
20241018165008,-18.51
20241028090008,9.13
20241028091008,3.18
20241028092008,6.52
20241028093008,10.38
20241028094008,13.92
20241028095008,17.41
20241028100008,37.88
20241028101008,25.99
20241028102008,28.08
20241028103008,25.96
20241028104008,25.51
20241028105008,18.02
20241028110008,-20.11
20241028111008,-19.67
20241028112008,-19.73
20241028113008,-19.98
20241028114008,-20.08
20241028115008,-20.34
20241028120008,-20.4
20241028121008,-20.63
20241028122008,-20.99
20241028123008,-21.42
20241028124008,-21.71
20241028125008,-21.99
20241028130008,-22.44
20241028131008,-22.78
20241028132008,-23.01
20241028133008,-23.23
20241028134008,-23.28
20241028135008,-23.37
20241028140008,-23.04
20241028141008,-22.82
20241028142008,-22.75
20241028143008,-22.71
20241028144008,-22.51
20241028145008,-22.28
20241028150008,-21.77
20241028151008,-21.68
20241028152008,-21.37
20241028153008,-21.1
20241028154008,-20.95
20241028155008,-20.55
20241028160008,-20.29
20241028161008,-19.9
20241028162008,-19.66
20241028163008,-19.18
20241028164008,-18.82
20241028165008,-18.51
20240922090009,68.18
20240922091009,15.82
20240922092009,24.75
20240922093009,33.95
20240922094009,46.92
20240922095009,58.85
20240922100009,70.07
20240922101009,74.85
20240922102009,78.61
20240922103009,84.54
20240922104009,107.05
20240922105009,181.76
20240922110009,-20.11
20240922111009,-19.67
20240922112009,-19.73
20240922113009,-19.98
20240922114009,-20.08
20240922115009,-20.34
20240922120009,-20.4
20240922121009,-20.63
20240922122009,-20.99
20240922123009,-21.42
20240922124009,-21.71
20240922125009,-21.99
20240922130009,-22.44
20240922131009,-22.78
20240922132009,-23.01
20240922133009,-23.23
20240922134009,-23.28
20240922135009,-23.37
20240922140009,-23.04
20240922141009,-22.82
20240922142009,-22.75
20240922143009,-22.71
20240922144009,-22.51
20240922145009,-22.28
20240922150009,-21.77
20240922151009,-21.68
20240922152009,-21.37
20240922153009,-21.1
20240922154009,-20.95
20240922155009,-20.55
20240922160009,-20.29
20240922161009,-19.9
20240922162009,-19.66
20240922163009,-19.18
20240922164009,-18.82
20240922165009,-18.51
20240928090009,137.11
20240928091009,109.23
20240928092009,116.13
20240928093009,128.07
20240928094009,130.1
20240928095009,137.63
20240928100009,149.76
20240928101009,151.83
20240928102009,165.54
20240928103009,161.12
20240928104009,273.75
20240928105009,115.1
20240928110009,-20.11
20240928111009,-19.67
20240928112009,-19.73
20240928113009,-19.98
20240928114009,-20.08
20240928115009,-20.34
20240928120009,-20.4
20240928121009,-20.63
20240928122009,-20.99
20240928123009,-21.42
20240928124009,-21.71
20240928125009,-21.99
20240928130009,-22.44
20240928131009,-22.78
20240928132009,-23.01
20240928133009,-23.23
20240928134009,-23.28
20240928135009,-23.37
20240928140009,-23.04
20240928141009,-22.82
20240928142009,-22.75
20240928143009,-22.71
20240928144009,-22.51
20240928145009,-22.28
20240928150009,-21.77
20240928151009,-21.68
20240928152009,-21.37
20240928153009,-21.1
20240928154009,-20.95
20240928155009,-20.55
20240928160009,-20.29
20240928161009,-19.9
20240928162009,-19.66
20240928163009,-19.18
20240928164009,-18.82
20240928165009,-18.51
20240920090010,165.94
20240920091010,68.2
20240920092010,136.21
20240920093010,252.55
20240920094010,309.42
20240920095010,655.3
20240920100010,889.68
20240920101010,993.26
20240920102010,1166.82
20240920103010,961.87
20240920104010,735.37
20240920105010,666.2
20240920110010,-20.11
20240920111010,-19.67
20240920112010,-19.73
20240920113010,-19.98
20240920114010,-20.08
20240920115010,-20.34
20240920120010,-20.4
20240920121010,-20.63
20240920122010,-20.99
20240920123010,-21.42
20240920124010,-21.71
20240920125010,-21.99
20240920130010,-22.44
20240920131010,-22.78
20240920132010,-23.01
20240920133010,-23.23
20240920134010,-23.28
20240920135010,-23.37
20240920140010,-23.04
20240920141010,-22.82
20240920142010,-22.75
20240920143010,-22.71
20240920144010,-22.51
20240920145010,-22.28
20240920150010,-21.77
20240920151010,-21.68
20240920152010,-21.37
20240920153010,-21.1
20240920154010,-20.95
20240920155010,-20.55
20240920160010,-20.29
20240920161010,-19.9
20240920162010,-19.66
20240920163010,-19.18
20240920164010,-18.82
20240920165010,-18.51
20240928090010,190.89
20240928091010,152.35
20240928092010,173.79
20240928093010,178.64
20240928094010,192.95
20240928095010,215.16
20240928100010,223.26
20240928101010,264.14
20240928102010,261.82
20240928103010,297.84
20240928104010,303.29
20240928105010,335.58
20240928110010,-20.11
20240928111010,-19.67
20240928112010,-19.73
20240928113010,-19.98
20240928114010,-20.08
20240928115010,-20.34
20240928120010,-20.4
20240928121010,-20.63
20240928122010,-20.99
20240928123010,-21.42
20240928124010,-21.71
20240928125010,-21.99
20240928130010,-22.44
20240928131010,-22.78
20240928132010,-23.01
20240928133010,-23.23
20240928134010,-23.28
20240928135010,-23.37
20240928140010,-23.04
20240928141010,-22.82
20240928142010,-22.75
20240928143010,-22.71
20240928144010,-22.51
20240928145010,-22.28
20240928150010,-21.77
20240928151010,-21.68
20240928152010,-21.37
20240928153010,-21.1
20240928154010,-20.95
20240928155010,-20.55
20240928160010,-20.29
20240928161010,-19.9
20240928162010,-19.66
20240928163010,-19.18
20240928164010,-18.82
20240928165010,-18.51
20240919090012,1.8
20240919091012,-16.54
20240919092012,-16.51
20240919093012,-15.55
20240919094012,-15.3
20240919095012,-14.69
20240919100012,-14.3
20240919101012,-13.85
20240919102012,-13.24
20240919103012,-12.68
20240919104012,-12.18
20240919105012,-12.39
20240919110012,-20.11
20240919111012,-19.67
20240919112012,-19.73
20240919113012,-19.98
20240919114012,-20.08
20240919115012,-20.34
20240919120012,-20.4
20240919121012,-20.63
20240919122012,-20.99
20240919123012,-21.42
20240919124012,-21.71
20240919125012,-21.99
20240919130012,-22.44
20240919131012,-22.78
20240919132012,-23.01
20240919133012,-23.23
20240919134012,-23.28
20240919135012,-23.37
20240919140012,-23.04
20240919141012,-22.82
20240919142012,-22.75
20240919143012,-22.71
20240919144012,-22.51
20240919145012,-22.28
20240919150012,-21.77
20240919151012,-21.68
20240919152012,-21.37
20240919153012,-21.1
20240919154012,-20.95
20240919155012,-20.55
20240919160012,-20.29
20240919161012,-19.9
20240919162012,-19.66
20240919163012,-19.18
20240919164012,-18.82
20240919165012,-18.51
20240923090012,11.35
20240923091012,0.86
20240923092012,10.32
20240923093012,17.41
20240923094012,20.76
20240923095012,24.27
20240923100012,26.21
20240923101012,26.37
20240923102012,24.37
20240923103012,17.54
20240923104012,12.95
20240923105012,8.09
20240923110012,-20.11
20240923111012,-19.67
20240923112012,-19.73
20240923113012,-19.98
20240923114012,-20.08
20240923115012,-20.34
20240923120012,-20.4
20240923121012,-20.63
20240923122012,-20.99
20240923123012,-21.42
20240923124012,-21.71
20240923125012,-21.99
20240923130012,-22.44
20240923131012,-22.78
20240923132012,-23.01
20240923133012,-23.23
20240923134012,-23.28
20240923135012,-23.37
20240923140012,-23.04
20240923141012,-22.82
20240923142012,-22.75
20240923143012,-22.71
20240923144012,-22.51
20240923145012,-22.28
20240923150012,-21.77
20240923151012,-21.68
20240923152012,-21.37
20240923153012,-21.1
20240923154012,-20.95
20240923155012,-20.55
20240923160012,-20.29
20240923161012,-19.9
20240923162012,-19.66
20240923163012,-19.18
20240923164012,-18.82
20240923165012,-18.51
20241002090012,-8.29
20241002091012,-7.12
20241002092012,-3.91
20241002093012,-1.75
20241002094012,-0.04
20241002095012,1.84
20241002100012,2.53
20241002101012,2.69
20241002102012,2.35
20241002103012,1.87
20241002104012,4.55
20241002105012,1.42
20241002110012,-20.11
20241002111012,-19.67
20241002112012,-19.73
20241002113012,-19.98
20241002114012,-20.08
20241002115012,-20.34
20241002120012,-20.4
20241002121012,-20.63
20241002122012,-20.99
20241002123012,-21.42
20241002124012,-21.71
20241002125012,-21.99
20241002130012,-22.44
20241002131012,-22.78
20241002132012,-23.01
20241002133012,-23.23
20241002134012,-23.28
20241002135012,-23.37
20241002140012,-23.04
20241002141012,-22.82
20241002142012,-22.75
20241002143012,-22.71
20241002144012,-22.51
20241002145012,-22.28
20241002150012,-21.77
20241002151012,-21.68
20241002152012,-21.37
20241002153012,-21.1
20241002154012,-20.95
20241002155012,-20.55
20241002160012,-20.29
20241002161012,-19.9
20241002162012,-19.66
20241002163012,-19.18
20241002164012,-18.82
20241002165012,-18.51
